abelian	2	8	25	0.678571428571429	13
absence	1	3	36	0.5	5
ac	1	3	33	0.5	13
acceleration	19	87	236	0.232691793638065	148
accurate	1	3	18	0.5	5
acoustic	1	2	34	0.5	8
action	1	3	42	0.5	7
active	1	5	90	0.8	30
activity	1	4	33	0.666666666666667	6
adiabatic	2	7	40	0.404761904761905	17
ads	2	6	31	0.366666666666667	15
adsorbed	1	5	41	0.65	15
adsorption	2	3	25	0.5	10
aggregation	1	2	11	0.5	2
aging	7	24	74	0.304347826086957	56
aharonov	6	60	92	0.398587570621469	68
air	1	2	8	0.5	2
al	2	16	316	0.533333333333333	146
alas	1	2	9	0.5	4
algebra	11	51	69	0.477254901960785	54
algorithm	1	5	126	0.6	27
algorithms	1	5	51	0.55	15
aligned	2	5	9	0.4	5
amorphous	26	139	210	0.25622979876968	167
analog	8	54	88	0.513277428371768	60
analytical	1	4	30	0.5	10
analyzing	1	7	65	0.785714285714286	36
anderson	3	8	30	0.375	16
andreev	12	44	63	0.382663847780127	58
angle	2	3	42	0.166666666666667	13
anharmonic	1	2	39	0.5	10
anisotropic	2	6	163	0.5	49
anisotropies	3	16	83	0.65	50
anisotropy	2	6	110	0.366666666666667	39
anomalies	2	8	52	0.589285714285714	25
anomalous	1	4	64	0.583333333333333	19
anomaly	1	2	33	0.5	6
anti	2	14	101	0.736263736263736	56
antiferromagnet	2	3	45	0.166666666666667	10
antiferromagnetic	22	174	495	0.350176068035347	306
anyon	2	10	19	0.677777777777778	10
applied	1	2	13	0.5	2
approach	1	4	276	0.583333333333333	81
arbitrary	1	2	18	0.5	2
arrays	2	6	25	0.366666666666667	15
artificial	4	12	47	0.409090909090909	23
assembled	2	9	40	0.472222222222222	15
assembly	2	5	93	0.5	31
assisted	4	43	367	0.717054263565892	170
astrophysical	6	44	145	0.542811839323467	91
asymmetries	1	2	21	0.5	2
asymmetry	1	3	39	0.666666666666667	14
asymptotic	4	9	42	0.444444444444444	17
atmospheric	2	24	42	0.706521739130435	31
atom	3	10	133	0.566666666666667	52
atomic	4	7	134	0.785714285714286	40
atomistic	2	5	141	0.7	53
atoms	5	22	257	0.432900432900433	141
attosecond	28	123	137	0.451286152205785	125
attractive	8	35	119	0.622689075630252	74
au	4	9	101	0.430555555555556	45
auger	11	46	87	0.328985507246377	68
avalanches	4	9	39	0.125	25
axis	8	34	104	0.46078431372549	49
ba	2	3	52	0.166666666666667	23
bafe	3	37	38	0.847597597597598	37
bag	5	63	76	0.823604710701485	67
ballistic	3	16	128	0.5125	71
band	4	11	178	0.381818181818182	75
barrier	2	28	130	0.789682539682539	78
basis	1	6	35	0.6	18
bath	1	3	58	0.666666666666667	19
bcc	1	5	28	0.65	12
bcs	7	48	99	0.731382978723405	72
beam	1	4	69	0.666666666666667	22
beams	1	3	34	0.666666666666667	7
bec	4	23	25	0.66798418972332	23
bedt	1	7	24	0.714285714285714	16
behavior	1	4	126	0	31
bell	1	5	13	0.35	8
bending	1	2	9	0.5	2
bi	4	38	73	0.812233285917496	53
bias	2	41	143	0.850609756097561	84
bifurcation	1	3	40	0.5	11
bilayer	30	287	466	0.243987719597475	344
bilayers	6	25	78	0.408333333333333	39
billiards	1	2	21	0.5	4
binaries	13	72	95	0.443466353677621	79
binary	2	6	25	0.533333333333333	10
binding	1	2	23	0.5	6
bipartite	1	2	19	0.5	4
bistable	1	2	11	0.5	2
black	37	268	336	0.546760579126839	303
blockade	2	10	26	0.655555555555555	17
bogoliubov	1	2	12	0.5	8
bohm	2	8	16	0.660714285714286	8
boltzmann	15	226	382	0.812232055063915	298
bond	1	9	117	0.638888888888889	61
bonding	1	3	36	0.5	9
boron	6	24	124	0.38768115942029	73
bose	23	507	613	0.798122724544125	569
boson	5	16	115	0.341666666666667	61
bosonic	1	2	13	0.5	2
bound	6	24	267	0.369565217391304	134
boundaries	1	2	31	0.5	6
boundary	2	4	95	0.333333333333333	25
bounds	3	8	68	0.482142857142857	31
br	1	2	15	0.5	2
bragg	2	9	86	0.597222222222222	40
brane	10	83	135	0.5797825448134	98
branes	4	9	86	0.375	44
braneworld	3	12	23	0.583333333333333	17
breaking	6	19	53	0.56140350877193	19
breakup	2	5	15	0.25	7
bremsstrahlung	1	20	54	0.71578947368421	30
brillouin	3	7	24	0.261904761904762	16
brownian	2	6	47	0.366666666666667	30
bubble	1	5	9	0.65	5
bulk	1	6	122	0.733333333333333	43
ca	1	9	73	0.791666666666667	30
cacu	1	2	13	0.5	2
cafe	2	23	23	0.729249011857707	23
calculated	1	2	16	0.5	4
calculations	4	13	533	0.435897435897436	136
canonical	1	2	10	0.5	4
capillary	4	18	87	0.473856209150327	44
carbon	89	772	1122	0.608302587985464	918
carriers	1	3	12	0.5	3
casimir	34	357	396	0.707023258741699	379
cavities	2	6	69	0.366666666666667	32
cd	1	5	52	0.5	23
cdte	2	15	33	0.595238095238095	23
ce	1	3	40	0.666666666666667	12
cell	1	2	5	0.5	2
cells	2	10	193	0.655555555555556	72
cellular	3	13	43	0.525641025641026	31
central	2	6	22	0.4	8
cern	36	126	248	0.178031746031746	173
chain	2	4	67	0.25	23
chains	1	7	181	0.761904761904762	63
change	1	2	31	0.5	8
changing	2	6	35	0.4	16
channel	2	7	71	0.595238095238095	30
channels	1	4	59	0.583333333333333	12
chaos	6	34	178	0.637254901960784	115
chaotic	51	236	460	0.137270104579877	327
characteristics	1	2	41	0.5	4
charge	29	131	809	0.190017615971815	536
charged	4	7	153	0.285714285714286	54
charges	1	2	14	0.5	2
charm	1	6	12	0.766666666666667	9
charmed	6	18	28	0.316993464052288	18
chemical	2	8	77	0.428571428571429	23
chern	8	60	100	0.608474576271187	67
chiral	5	65	87	0.749278846153846	73
chirality	4	16	104	0.4625	52
circuits	1	3	33	0.666666666666667	7
circular	6	26	83	0.6	50
cl	3	9	70	0.333333333333333	31
class	3	14	37	0.554945054945055	20
classical	3	7	116	0.476190476190476	28
classification	1	3	14	0.5	5
clean	1	3	4	0.666666666666667	3
cloning	11	55	66	0.35050505050505	59
close	1	2	13	0.5	2
closed	1	3	29	0.5	8
cluster	2	7	88	0.452380952380952	30
clustering	1	2	8	0.5	2
clusters	31	210	402	0.338140806561858	274
cmb	10	40	56	0.446794871794872	46
co	9	25	160	0.336666666666667	76
coarsening	3	10	55	0.377777777777778	32
coefficient	3	4	31	0.0833333333333333	10
coexistence	2	4	21	0.25	11
coherent	1	3	79	0.5	27
collapse	11	60	216	0.346610169491525	125
collective	1	6	96	0.633333333333333	23
collider	6	25	280	0.538333333333333	147
colliders	1	5	46	0.75	24
collisional	1	14	57	0.708791208791209	38
collisions	14	50	240	0.33265306122449	117
colloidal	6	49	96	0.389880952380952	72
colloids	6	14	101	0.208791208791209	45
color	4	12	23	0.333333333333333	12
colossal	2	10	36	0.677777777777778	15
columnar	1	6	35	0.633333333333333	20
combined	2	4	10	0.333333333333333	4
commensurate	6	31	37	0.51505376344086	31
comment	1	3	350	0.666666666666667	68
comments	1	2	67	0.5	6
communication	6	19	146	0.228070175438596	103
compact	8	47	160	0.566604995374653	86
comparative	1	2	35	0.5	2
comparison	1	5	199	0.6	57
competing	1	6	44	0.533333333333333	21
competition	1	4	202	0.666666666666667	48
complete	1	3	35	0.5	9
complex	1	8	47	0.642857142857143	22
complexes	1	2	12	0.5	4
component	2	11	99	0.618181818181818	39
compound	2	4	21	0.333333333333333	8
compounds	2	6	89	0.5	29
computation	27	150	281	0.32089485458613	180
computational	1	3	49	0.5	3
computer	1	4	47	0.666666666666667	19
computing	1	3	45	0.5	10
concentration	1	2	23	0.5	2
condensate	7	17	112	0.352941176470588	58
condensates	3	19	54	0.704678362573099	30
condensation	3	9	27	0.305555555555556	16
conditions	1	2	16	0.5	4
conducting	1	2	8	0.5	2
conductor	1	2	11	0.5	4
conductors	1	3	14	0.5	3
configuration	2	5	126	0.3	42
configurations	1	2	14	0.5	2
confined	2	18	148	0.650326797385621	54
confinement	1	6	25	0.833333333333333	12
conformal	2	5	11	0.5	7
conjugated	6	29	49	0.321428571428571	33
constraining	2	7	44	0.619047619047619	24
constraint	1	2	15	0.5	2
continuum	2	15	209	0.676190476190476	104
control	74	379	847	0.199166561963396	488
controlled	3	17	381	0.602941176470588	104
controlling	4	89	255	0.89185393258427	123
convection	1	9	17	0.736111111111111	11
conversion	1	4	39	0.666666666666667	16
coo	6	46	77	0.701449275362319	65
cooling	5	64	131	0.600198412698413	86
cooper	3	10	100	0.655555555555555	46
core	2	10	168	0.6	65
correction	1	3	15	0.5	3
correlated	14	56	318	0.331818181818182	194
correspondence	1	2	21	0.5	4
cosmological	2	11	42	0.736363636363637	23
cosmology	28	160	292	0.264544025157233	189
coulomb	4	15	152	0.419047619047619	80
couplings	3	10	77	0.422222222222222	21
covariant	1	2	10	0.5	2
cr	3	16	74	0.645833333333333	35
creation	1	2	11	0.5	2
criticality	1	5	39	0.7	15
crossover	4	26	222	0.487692307692308	90
crystal	5	16	232	0.3625	109
crystalline	1	2	18	0.5	2
crystallization	3	10	83	0.4	30
cs	2	3	56	0.166666666666667	17
cu	4	10	186	0.4	76
cugeo	1	13	14	0.782051282051282	13
cuprates	3	7	85	0.333333333333333	47
curvature	1	2	15	0.5	2
curved	1	3	13	0.5	7
cycle	2	16	64	0.795833333333333	34
damping	1	2	19	0.5	2
dark	92	969	1217	0.502848638367918	1104
data	1	4	38	0.75	9
dc	2	5	11	0.3	5
decoherence	38	221	314	0.32620320855615	243
decomposition	1	3	16	0.5	5
deep	3	35	69	0.689915966386555	51
defect	3	13	142	0.435897435897436	45
defects	3	20	130	0.707894736842105	51
deficient	2	10	60	0.755555555555556	32
deformation	1	2	19	0.5	4
degenerate	1	3	25	0.666666666666667	7
degree	3	7	49	0.5	16
delay	6	24	111	0.396739130434783	64
delocalization	3	9	99	0.555555555555555	31
demonstration	3	12	140	0.598484848484849	47
dense	2	8	72	0.267857142857143	33
densities	1	6	35	0.766666666666667	15
density	15	86	667	0.387688098495212	353
dependent	1	3	181	0.5	36
dephasing	4	36	128	0.436507936507936	71
deposition	1	5	81	0.5	33
depth	1	2	13	0.5	4
der	5	13	46	0.403846153846154	29
derivation	1	4	48	0.583333333333333	8
derivative	1	2	15	0.5	4
design	1	4	123	0.666666666666667	29
desorption	2	20	35	0.715789473684211	27
detecting	2	6	142	0.5	48
detector	1	2	7	0.5	2
detectors	1	2	8	0.5	2
deterministic	1	2	19	0.5	2
deuterium	1	3	29	0.666666666666667	3
devices	2	4	69	0.333333333333333	14
diagrams	1	3	10	0.666666666666667	5
diamond	4	11	105	0.4	61
diatomic	1	2	24	0.5	2
dichroism	1	11	13	0.818181818181818	11
dielectric	5	28	155	0.30952380952381	84
dielectronic	7	39	41	0.584345479082321	39
diffraction	3	16	78	0.516666666666667	36
diffractive	1	3	22	0.666666666666667	7
diffuse	1	3	17	0.5	7
diffusion	14	81	288	0.262345679012346	181
diffusive	1	4	88	0.666666666666667	28
dilaton	4	7	32	0.166666666666667	18
diluted	1	2	11	0.5	4
dimension	1	5	31	0.55	10
dimensions	4	13	87	0.551282051282051	37
dimer	5	18	84	0.241830065359477	44
dipolar	1	2	14	0.5	4
dipole	1	4	51	0.583333333333333	10
dirac	4	23	124	0.565217391304348	65
direct	1	5	61	0.55	16
directed	1	16	40	0.854166666666667	31
discrete	15	72	280	0.453638497652582	106
disordered	8	35	62	0.361344537815126	45
dispersive	1	3	9	0.666666666666667	3
dissipation	1	7	23	0.761904761904762	13
dissipative	1	3	18	0.5	3
dissociation	4	8	21	0.303571428571429	10
dissociative	3	6	19	0.266666666666667	12
distance	1	2	11	0.5	6
distorted	2	5	34	0.35	15
distortion	1	2	9	0.5	4
distribution	1	4	138	0.666666666666667	43
distributions	2	5	88	0.45	27
dna	39	218	302	0.420580898828901	252
domains	1	3	49	0.5	10
dominance	5	17	52	0.411764705882353	30
donor	1	7	36	0.476190476190476	21
doped	2	4	44	0.333333333333333	8
doping	2	9	97	0.555555555555556	50
dot	58	232	466	0.138845350052246	336
dots	107	639	779	0.266450321574168	671
double	13	149	736	0.396063849083983	495
doubly	1	4	20	0.666666666666667	7
drag	6	46	84	0.473913043478261	60
driving	1	7	9	0.714285714285714	7
droplets	2	4	34	0.333333333333333	13
dual	6	29	54	0.591133004926109	44
duality	4	16	29	0.545833333333333	18
dust	11	45	92	0.434343434343434	73
dy	1	4	40	0.666666666666667	19
dynamic	1	2	31	0.5	8
dynamical	4	23	352	0.484189723320158	134
edge	7	36	136	0.388095238095238	68
effective	3	12	165	0.439393939393939	49
efficiency	1	7	126	0.738095238095238	39
efficient	2	5	192	0.45	47
eikonal	3	28	35	0.793650793650794	28
einstein	5	21	331	0.642857142857143	157
el	3	21	28	0.735714285714286	23
elasticity	3	11	72	0.663636363636364	29
electrically	1	3	62	0	13
electrodynamics	5	17	97	0.599264705882353	56
electromagnetically	31	114	157	0.271386430678467	130
electronic	64	295	623	0.107632883661939	421
electroproduction	2	23	45	0.662055335968379	36
electrostatic	1	4	13	0.583333333333333	4
electroweak	5	20	118	0.510526315789474	56
element	1	2	14	0.5	4
elliptic	5	66	96	0.74032634032634	71
embedded	2	34	104	0.850267379679144	44
emergence	1	2	135	0.5	18
emph	1	2	16	0.5	2
energetics	1	3	60	0.666666666666667	17
engineering	4	9	45	0.305555555555556	17
enhanced	8	32	85	0.493951612903226	38
enhancement	1	3	30	0.5	5
ensemble	1	4	10	0.75	6
ensembles	4	13	145	0.42948717948718	71
entangled	12	38	124	0.28022759601707	72
entanglement	52	671	747	0.625533287363484	687
entropy	4	23	251	0.543478260869565	154
environment	3	7	131	0.476190476190476	41
epitaxial	4	23	153	0.719367588932806	92
epitaxy	2	3	20	0.166666666666667	7
epr	1	3	29	0.666666666666667	9
equation	4	29	388	0.697044334975369	171
equilibrium	3	5	89	0.3	10
er	2	6	37	0.566666666666667	16
error	4	55	126	0.834343434343434	85
essay	1	4	23	0.666666666666667	6
estimation	10	36	194	0.353174603174603	76
eu	1	2	15	0.5	2
events	1	2	8	0.5	2
exact	3	13	528	0.448717948717949	206
exactly	1	3	16	0.666666666666667	3
excitable	2	10	26	0.455555555555555	13
excitations	4	13	84	0.378205128205128	39
exciton	2	11	74	0.654545454545455	49
excitonic	3	5	51	0.3	23
excitons	18	74	206	0.3054424287301	133
exclusive	1	16	50	0.829166666666667	27
exotic	1	3	14	0.666666666666667	8
expansion	3	13	162	0.615384615384615	82
expansions	1	2	18	0.5	4
experiment	1	4	66	0.75	6
experiments	1	2	29	0.5	4
exponent	3	6	32	0.4	10
exponents	2	3	30	0.166666666666667	10
extended	1	14	58	0.664835164835165	30
extension	1	2	20	0.5	2
extra	4	43	54	0.837763012181617	46
extreme	1	2	30	0.5	10
factor	2	6	62	0.633333333333333	26
factorization	1	4	33	0.5	14
family	1	2	9	0.5	4
fano	8	45	62	0.625252525252525	50
fast	1	2	25	0.5	6
fcc	1	8	54	0.696428571428571	20
fe	21	134	837	0.570081921220963	506
feedback	5	24	115	0.603260869565218	63
femtosecond	25	111	236	0.169205569205569	168
fermilab	5	19	69	0.350877192982456	48
fermion	8	40	162	0.632692307692308	85
fermionic	5	25	109	0.573333333333333	43
fermions	2	7	78	0.523809523809524	24
ferroelectric	63	346	621	0.23784870570495	476
ferromagnet	9	35	164	0.352941176470588	78
ferromagnetic	21	86	514	0.408481532147743	289
ferromagnetism	23	120	227	0.285504201680672	155
ferromagnets	1	5	35	0.75	14
feshbach	8	54	73	0.488819007686932	56
fiber	3	28	218	0.652116402116402	123
fibers	1	3	34	0.666666666666667	14
fidelity	12	65	143	0.464423076923077	93
field	7	23	1020	0.547430830039526	536
fields	4	16	357	0.5875	155
filled	2	16	106	0.625	57
filling	1	6	75	0.2	41
film	1	3	26	0.666666666666667	5
fine	5	22	106	0.558441558441559	48
finite	8	52	249	0.478883861236803	70
fixed	1	8	30	0.589285714285714	14
flat	1	2	7	0.5	2
flavor	90	580	849	0.303108808290155	686
fluctuating	1	5	43	0.65	13
fluctuation	1	3	27	0.666666666666667	14
fluctuations	3	12	130	0.515151515151515	38
fluid	1	5	56	0.6	31
fluids	1	3	13	0.666666666666667	5
flux	8	102	217	0.754901960784313	154
focusing	1	12	29	0.742424242424242	18
forces	1	3	28	0.666666666666667	7
formalism	1	5	45	0.5	9
formed	1	2	10	0.5	2
forming	8	32	88	0.319556451612903	53
formula	1	2	20	0.5	2
formulation	1	3	36	0.666666666666667	9
fourier	1	3	21	0	5
fractal	9	45	96	0.484848484848485	72
fraction	1	2	10	0.5	4
fractional	5	132	207	0.812803608605136	177
fractions	5	18	44	0.366013071895425	30
fracture	5	37	49	0.407657657657658	39
fragmentation	2	4	22	0.416666666666667	6
free	1	12	127	0.810606060606061	45
freezing	1	3	27	0.666666666666667	13
frequency	2	4	148	0.333333333333333	58
friction	9	58	127	0.437689050211736	86
front	2	31	97	0.703225806451613	71
fronts	2	12	47	0.613636363636364	21
frustrated	2	22	53	0.803030303030303	33
fullerene	2	6	12	0.433333333333333	6
function	3	7	196	0.357142857142857	51
functionals	1	6	20	0.6	12
fusion	3	28	43	0.719576719576719	30
ga	2	5	75	0.45	35
gaas	37	188	372	0.343412219820229	268
gain	2	8	88	0.642857142857143	38
gan	10	67	81	0.569651741293532	69
gap	10	58	515	0.582577132486389	312
gaps	3	18	95	0.764705882352941	46
gas	2	5	70	0.45	15
gate	2	4	73	0.416666666666667	28
gates	3	7	31	0.476190476190476	14
gauge	21	121	189	0.620730027548209	140
gauss	6	57	64	0.740601503759399	59
gaussianity	9	30	47	0.427586206896552	34
gd	3	4	25	0.0833333333333333	6
ge	1	6	78	0.7	28
generalized	1	3	75	0.5	16
generating	1	2	5	0.5	2
generation	7	21	194	0.235714285714286	89
geometric	13	54	277	0.377009084556254	114
geometrical	1	2	15	0.5	2
geometry	1	2	38	0.5	8
gev	55	314	418	0.490517083494435	340
giant	9	35	68	0.410924369747899	46
glass	12	94	144	0.597117364447494	101
glasses	4	47	104	0.706753006475486	63
glassy	1	3	31	0.666666666666667	7
global	1	3	36	0.5	7
gluon	2	4	40	0.416666666666667	11
gpa	3	5	34	0.35	21
gradient	5	12	38	0.401515151515152	22
grand	4	14	41	0.445054945054945	27
granular	21	374	511	0.772340181502774	445
graphene	47	855	898	0.778614569209912	858
graphite	13	79	111	0.552580331061343	99
gravitating	5	21	64	0.35952380952381	34
gravitational	4	42	120	0.710801393728223	65
green	2	9	154	0.347222222222222	74
grown	1	3	62	0.5	13
growth	6	22	260	0.33982683982684	131
hadron	2	12	56	0.431818181818182	25
hadronic	5	14	116	0.401098901098901	57
hadrons	1	3	66	0.666666666666667	31
half	16	78	434	0.477688977688978	265
hall	15	111	229	0.515479115479115	163
hamiltonian	6	22	212	0.41991341991342	96
hamiltonians	2	3	6	0.166666666666667	3
handed	6	34	54	0.551693404634581	39
hard	3	9	29	0.333333333333333	17
harmonic	14	102	266	0.39739856338575	162
heating	1	2	13	0.5	2
heavy	10	54	240	0.410202655485674	138
heisenberg	7	22	66	0.222943722943723	32
helical	1	3	8	0.5	3
helicity	2	11	26	0.709090909090909	17
hexagonal	1	2	11	0.5	4
hg	2	7	36	0.476190476190476	25
hidden	1	9	13	0.680555555555556	12
higgs	3	14	45	0.736263736263736	23
highly	1	4	44	0.666666666666667	16
hole	2	39	172	0.809716599190283	92
holes	17	57	294	0.295112781954887	176
holographic	5	58	137	0.758620689655173	97
holography	4	21	58	0.502380952380952	34
homogeneous	1	4	14	0.666666666666667	7
honeycomb	3	10	62	0.266666666666667	37
hopping	3	18	127	0.542483660130719	74
horizon	2	9	75	0.527777777777778	34
hot	10	40	182	0.481410256410256	101
hubbard	38	124	164	0.135588775242591	135
hybrid	2	6	19	0.566666666666667	6
hydrodynamics	1	2	8	0.5	2
hydrogenated	1	5	14	0.55	7
hysteresis	4	60	185	0.574576271186441	86
ice	20	96	165	0.212171052631579	125
icosahedral	6	22	29	0.571428571428571	24
identification	1	3	10	0.666666666666667	3
image	3	22	32	0.664502164502165	25
imaging	3	17	324	0.5625	159
implementation	1	2	19	0.5	8
implications	1	2	21	0.5	4
improved	5	15	190	0.376190476190476	52
inas	34	187	241	0.333620838364671	204
inclusive	8	40	54	0.451282051282051	44
incoherent	2	4	40	0.333333333333333	11
incommensurate	2	5	37	0.55	17
independent	1	4	48	0.583333333333333	15
index	1	2	35	0.5	2
individual	1	2	41	0.5	10
infinite	1	6	24	0.566666666666667	8
inflation	20	164	184	0.682365704025138	167
inflationary	1	16	16	0.8875	16
influence	1	3	364	0.5	59
inhomogeneous	1	9	87	0.75	38
initial	1	3	61	0.666666666666667	13
inp	1	6	27	0.5	10
inside	2	8	138	0.714285714285714	26
instability	4	7	53	0.285714285714286	20
integral	1	4	23	0.666666666666667	9
intense	1	3	31	0.5	11
intensity	1	4	43	0.666666666666667	15
interacting	12	56	163	0.355194805194805	80
intercalation	1	4	22	0.666666666666667	6
interface	3	9	145	0.347222222222222	75
interfaces	1	3	71	0.5	19
interfacial	1	6	52	0.766666666666667	19
interference	1	27	208	0.740740740740741	96
interferometer	7	38	145	0.453058321479374	96
interferometry	2	18	59	0.65359477124183	40
interlayer	3	17	65	0.558823529411765	31
intermediate	1	6	38	0.766666666666667	12
intermittency	2	8	44	0.589285714285714	29
interplay	1	2	112	0.5	18
interstitial	1	3	13	0.5	5
intersubband	3	8	26	0.232142857142857	18
invariant	1	4	46	0.583333333333333	15
inverse	2	3	29	0.166666666666667	3
inversion	3	4	21	0.0833333333333333	12
investigated	1	3	235	0.666666666666667	31
investigation	1	3	71	0.5	5
ion	9	20	161	0.207894736842105	66
ionization	1	4	57	0.75	18
ising	4	19	79	0.289473684210526	46
island	11	67	130	0.67277250113071	80
islands	5	20	79	0.657894736842105	40
isospin	3	17	63	0.558823529411765	32
itinerant	1	4	17	0.583333333333333	6
jahn	3	43	59	0.824473975636766	49
jet	1	3	15	0.666666666666667	5
jets	1	5	11	0.8	9
jona	10	41	76	0.56280487804878	50
josephson	10	40	129	0.345512820512821	89
junction	1	2	20	0.5	4
kagome	5	37	50	0.683183183183183	41
kaluza	1	3	22	0.666666666666667	12
kerr	1	8	66	0.839285714285714	29
key	7	71	116	0.632394366197183	79
kinetic	2	5	50	0.5	18
kinetics	9	49	230	0.585884353741496	93
kondo	41	375	460	0.553825311942962	400
kr	2	14	74	0.681318681318681	44
la	9	23	48	0.387351778656127	31
laalo	6	35	38	0.578151260504202	35
ladder	5	13	74	0.16025641025641	30
ladders	1	15	33	0.742857142857143	26
lafeaso	5	29	32	0.688423645320197	29
lagrangian	1	4	16	0.583333333333333	4
landscape	5	15	73	0.523809523809524	33
langevin	2	3	17	0.166666666666667	7
laser	26	117	392	0.27077807250221	260
lasers	1	5	53	0.75	21
lateral	4	8	61	0.267857142857143	26
lattice	7	21	265	0.361904761904762	106
lattices	49	240	692	0.197890516039051	426
leading	6	24	207	0.411231884057971	102
left	1	9	16	0.861111111111111	9
length	1	2	16	0.5	2
lensing	3	7	28	0.238095238095238	18
leptogenesis	7	53	56	0.501814223512337	53
lepton	6	21	67	0.307142857142857	44
level	6	26	338	0.355384615384615	127
lhc	4	7	83	0.166666666666667	32
lifshitz	1	6	9	0.633333333333333	6
light	2	29	231	0.751231527093596	133
limit	2	3	26	0.166666666666667	5
limited	1	2	7	0.5	2
limits	8	20	160	0.368421052631579	62
line	1	2	45	0.5	12
linear	2	4	65	0.25	24
liquids	1	2	28	0.5	10
local	5	47	449	0.376965772432933	198
localization	10	99	153	0.834570191713049	112
locked	1	2	29	0.5	6
loops	1	9	78	0.736111111111111	26
loss	3	12	108	0.401515151515151	44
luttinger	9	32	61	0.320564516129032	36
lyapunov	2	9	44	0.513888888888889	20
macroscopic	1	3	32	0.5	7
magnetically	1	2	10	0.5	2
magneto	8	34	172	0.555258467023173	108
magnetoelectric	9	69	131	0.353367433930094	102
magnetoresistance	4	82	224	0.859680819030413	164
magnetotransport	2	17	87	0.514705882352941	39
manganite	1	8	51	0.821428571428571	27
manganites	4	48	73	0.813386524822695	50
manipulation	1	3	55	0.5	7
mapping	2	9	140	0.5	35
markovian	14	69	142	0.564151747655584	101
masses	1	7	28	0.619047619047619	11
massive	1	3	21	0.5	10
material	1	2	56	0.5	4
materials	1	3	32	0	9
matrices	1	6	28	0.733333333333333	10
matter	90	527	1279	0.349762988723025	917
mean	2	8	81	0.375	28
measure	2	19	165	0.704678362573099	67
measured	1	3	19	0.5	5
measuring	2	5	215	0.45	49
mechanical	1	2	11	0.5	2
mechanics	1	3	14	0.5	5
mechanism	2	3	139	0.666666666666667	22
mechanisms	1	2	19	0.5	2
mediated	4	8	118	0.375	39
medium	1	4	57	0.75	14
melting	3	9	30	0.458333333333333	15
membrane	6	24	169	0.269927536231884	80
membranes	2	11	17	0.536363636363636	13
mesoscopic	3	10	55	0.366666666666667	27
metal	12	88	423	0.565047021943574	246
metallic	1	6	98	0.6	49
metamaterial	2	12	70	0.628787878787879	36
metamaterials	5	32	64	0.758064516129032	43
metastable	3	14	322	0.71978021978022	165
mgb	3	141	144	0.856838905775076	141
microcavities	7	21	39	0.347619047619048	27
microcavity	3	8	21	0.482142857142857	14
microscopic	1	9	72	0.75	23
microscopy	1	2	13	0.5	4
mills	1	2	13	0.5	2
mirror	1	4	19	0.75	6
mixed	3	7	30	0.452380952380952	9
mixing	4	17	209	0.393382352941177	93
mixture	1	2	24	0.5	4
mixtures	2	5	31	0.55	11
mn	2	6	85	0.333333333333333	37
mno	18	89	110	0.607124616956078	91
mo	5	13	41	0.448717948717949	21
mode	1	3	56	0.666666666666667	9
model	33	161	601	0.324805900621118	346
modeling	4	12	518	0.462121212121212	118
models	2	9	135	0.569444444444445	51
modes	2	7	86	0.5	29
modulation	2	7	50	0.452380952380952	17
molecular	10	35	556	0.482352941176471	287
molecule	6	24	491	0.432971014492754	255
molecules	38	192	795	0.309145942408377	474
monolayer	4	15	85	0.323809523809524	40
monopole	2	5	36	0.25	12
monopoles	1	3	13	0.666666666666667	5
monte	16	116	202	0.388755622188905	146
morphology	1	3	28	0.5	5
mott	25	174	318	0.528901734104047	235
moving	2	4	13	0.416666666666667	6
mssm	1	3	26	0.5	7
multicomponent	1	2	7	0.5	4
multiferroic	8	59	93	0.610753945061368	73
multilayer	1	9	25	0.722222222222222	20
multilayers	3	9	93	0.375	48
multipartite	14	46	77	0.358937198067633	54
multiperipheral	1	22	27	0.731601731601732	22
multiphoton	4	14	24	0.401098901098901	16
multiplicity	3	22	30	0.543290043290043	22
multiply	1	2	9	0.5	2
multiscale	1	6	61	0.766666666666667	18
na	5	18	87	0.454248366013072	53
nanoclusters	2	14	99	0.637362637362637	40
nanocrystalline	1	8	64	0.75	27
nanocrystals	16	103	204	0.466876070816676	137
nanoparticle	1	13	65	0.756410256410256	24
nanoparticles	5	20	236	0.371052631578947	123
nanoribbons	1	2	7	0.5	2
nanoscale	2	5	214	0.3	61
nanostructures	4	10	182	0.333333333333333	53
nanotube	1	9	41	0.694444444444444	15
nanotubes	6	37	88	0.675675675675676	55
nanowires	26	121	218	0.196280991735537	156
narrow	1	10	23	0.844444444444445	10
natural	2	4	10	0.416666666666667	4
nature	1	3	37	0.666666666666667	9
nb	5	20	78	0.597368421052632	57
nd	3	8	67	0.285714285714286	23
ne	2	10	71	0.4	36
negative	2	9	89	0.569444444444445	30
nematic	2	6	44	0.366666666666667	18
networks	31	355	560	0.738258932123818	437
neural	1	10	12	0.866666666666667	10
neutrino	7	41	103	0.554878048780488	52
neutrinos	4	11	44	0.372727272727273	27
newtonian	1	3	12	0.5	6
ni	10	44	205	0.489429175475687	108
nio	1	8	22	0.785714285714286	17
nitride	1	7	7	0.547619047619048	7
nmr	1	5	68	0.65	27
nn	1	2	12	0.5	4
nodal	5	14	63	0.428571428571429	41
noise	19	97	325	0.432023195876289	246
noisy	2	10	51	0.722222222222222	24
noncollinear	3	16	51	0.754166666666667	25
noncommutative	14	46	63	0.28695652173913	50
nonconservation	3	8	22	0.339285714285714	14
nonequilibrium	2	14	71	0.642857142857143	32
nonlinearity	2	5	13	0.3	5
nonlocal	3	10	56	0.355555555555556	34
nonperturbative	1	3	10	0.5	5
nonrelativistic	1	3	28	0.666666666666667	5
nucleation	1	8	185	0.732142857142857	91
nucleus	7	38	136	0.591749644381223	73
observables	1	2	17	0.5	4
observation	6	43	676	0.276301218161683	223
observations	1	2	26	0.5	4
observed	1	2	38	0.5	2
onset	1	4	24	0.666666666666667	6
operations	2	3	16	0.166666666666667	3
operator	1	3	33	0.5	15
optically	1	6	46	0.7	23
optics	1	6	35	0.633333333333334	14
optimal	31	215	570	0.392979787002826	341
optimization	2	12	125	0.659090909090909	40
orbit	1	4	149	0.666666666666667	31
orbital	1	8	77	0.678571428571429	37
orbits	3	22	70	0.551948051948052	33
organization	1	4	20	0.5	9
organized	12	91	117	0.683272283272283	93
orientation	1	2	24	0.5	4
orientational	2	8	44	0.678571428571429	22
oriented	1	4	16	0.666666666666667	6
oscillation	2	7	89	0.5	32
oscillations	13	100	605	0.61040404040404	333
oscillator	2	8	126	0.5	51
oscillatory	4	48	263	0.747340425531915	123
oxidation	1	4	9	0.583333333333333	4
oxides	1	2	23	0.5	4
oxygen	3	28	106	0.802910052910053	48
packet	3	13	88	0.641025641025641	37
packets	4	24	49	0.753623188405797	28
pair	1	4	42	0.583333333333333	10
pairing	5	32	71	0.76008064516129	41
pairs	1	7	22	0.69047619047619	7
pamela	4	16	16	0.479166666666667	16
parabolic	2	21	36	0.761904761904762	21
parallel	1	2	27	0.5	6
parameter	1	6	75	0.6	30
parametric	2	17	51	0.621323529411765	35
partial	4	6	76	0.133333333333333	21
parton	3	5	19	0.2	7
passage	1	2	9	0.5	2
path	2	6	81	0.233333333333333	34
patterns	2	6	128	0.5	40
pb	3	19	58	0.62280701754386	36
pd	5	15	107	0.242857142857143	66
peierls	18	80	139	0.407594936708861	100
penetration	7	41	54	0.579268292682927	44
pentaquark	5	17	21	0.323529411764706	17
percolation	8	44	74	0.699788583509514	60
performance	1	6	87	0.5	27
period	3	6	24	0.366666666666667	10
perovskite	2	8	46	0.5	21
perovskites	1	2	29	0.5	6
perpendicular	2	5	42	0.55	20
persistent	3	14	67	0.521978021978022	40
perturbations	23	205	388	0.649210903873745	265
perturbative	1	5	24	0.6	5
phases	1	4	45	0.666666666666667	11
phenomena	1	2	43	0	6
photoelectron	3	6	44	0.2	23
photoemission	7	89	122	0.705183861082737	93
photoinduced	3	15	67	0.404761904761905	33
photoionization	7	25	59	0.346666666666667	46
photoluminescence	5	34	193	0.323529411764706	115
photon	18	89	312	0.264427987742595	214
photonic	47	462	530	0.5661933872346	485
phys	1	2	1028	0.5	4
physical	3	5	115	0.3	13
physics	4	15	164	0.59047619047619	30
pinning	3	8	59	0.357142857142857	28
pions	2	3	28	0.166666666666667	13
planar	1	2	13	0.5	2
plane	2	4	39	0.416666666666667	15
plasmas	2	7	110	0.380952380952381	41
plasmon	2	4	9	0.416666666666667	7
plasmonic	1	7	83	0.642857142857143	26
plastic	4	15	69	0.319047619047619	34
plateau	1	10	57	0.833333333333333	30
pnictide	2	10	39	0.733333333333333	20
pnictides	8	35	46	0.469747899159664	35
polar	2	4	19	0.333333333333333	6
polariton	2	6	18	0.3	12
polaritons	1	2	8	0.5	2
polarized	7	22	124	0.46969696969697	61
polaron	2	3	23	0.666666666666667	10
polarons	4	14	46	0.406593406593407	36
poly	1	4	24	0.75	9
polyacetylene	4	25	27	0.688333333333333	25
polycrystalline	1	2	28	0.5	4
polymers	6	23	88	0.494071146245059	49
population	10	60	224	0.52090395480226	93
porous	10	42	177	0.274099883855982	127
positive	2	4	41	0.333333333333333	13
positronium	1	4	25	0.75	15
potential	1	11	240	0.754545454545455	85
potentials	1	9	83	0.527777777777778	24
power	2	3	47	0.166666666666667	15
pp	1	4	29	0.583333333333333	13
pr	6	14	49	0.467032967032967	21
preparation	1	3	19	0.5	5
presence	1	6	78	0.566666666666667	24
primordial	31	226	279	0.23716814159292	241
principle	1	4	31	0.5	12
principles	116	524	1259	0.217834571541167	829
probability	1	2	9	0.5	2
probed	1	3	66	0.666666666666667	5
processes	4	9	154	0.208333333333333	44
product	1	2	12	0.5	4
profile	2	4	22	0.333333333333333	10
profiles	2	4	19	0.416666666666667	8
propagation	2	8	206	0.589285714285714	66
properties	2	14	624	0.71978021978022	175
protein	11	33	126	0.167613636363636	77
proteins	3	14	56	0.71978021978022	25
proximity	1	2	8	0.5	2
pseudogap	13	48	67	0.462765957446808	53
pulse	21	78	449	0.310356310356311	243
pump	1	2	19	0.5	6
pyrochlore	9	65	71	0.456490384615385	67
qcd	49	247	519	0.309667226226919	379
qed	2	12	71	0.537878787878788	35
quantitative	1	5	190	0.5	37
quantization	1	4	80	0.75	27
quantized	2	23	48	0.788537549407115	29
quark	43	154	284	0.172014260249555	195
quarks	4	21	76	0.35	32
quasi	2	4	108	0.416666666666667	38
quasicrystal	4	27	33	0.5997150997151	27
quasielastic	1	2	25	0.5	12
quasinormal	5	28	30	0.417989417989418	28
quasiparticle	2	4	14	0.416666666666667	4
quasiparticles	7	16	91	0.358333333333333	36
quasiperiodic	3	18	34	0.69281045751634	23
qubit	4	28	157	0.677248677248677	82
qubits	17	86	221	0.506976744186046	144
quenched	1	2	10	0.5	2
quenching	1	3	17	0.5	5
quintessence	2	22	22	0.742424242424242	22
rabi	6	47	118	0.391304347826087	76
radial	1	2	6	0.5	4
raman	21	131	176	0.474163241338814	146
random	9	72	210	0.77406103286385	137
rashba	10	26	49	0.32	32
ratchet	8	33	52	0.528409090909091	39
rate	1	3	57	0.666666666666667	16
rates	1	5	79	0.7	21
ray	15	46	235	0.392270531400966	121
rayleigh	2	3	51	0.166666666666667	17
rb	2	4	22	0.416666666666667	10
realistic	1	2	9	0.5	4
reconstruction	15	51	129	0.25843137254902	92
reduced	2	3	16	0.166666666666667	9
reflection	4	17	154	0.5	73
refraction	1	38	58	0.858463726884779	47
regime	1	4	271	0.666666666666667	48
regimes	1	3	69	0.5	8
regular	1	2	10	0.5	2
relationship	1	2	22	0.5	2
relative	1	2	42	0.5	10
relativity	1	4	36	0.5	14
relaxor	8	40	45	0.601282051282051	40
renormalization	12	26	67	0.138461538461538	39
reorientation	2	4	14	0.416666666666667	4
replies	1	2	27	0.5	2
reply	1	2	155	0.5	2
resistance	1	5	48	0.75	14
resolution	1	3	82	0.5	23
resolved	10	74	118	0.416882636060718	83
resonant	11	65	555	0.382211538461538	355
resonating	2	14	25	0.769230769230769	17
resonator	10	37	117	0.344594594594595	64
resonators	1	3	28	0.5	13
responds	1	2	62	0.5	4
results	1	3	70	0.666666666666667	7
revealed	1	3	107	0.666666666666667	17
reversible	2	13	80	0.557692307692308	42
revisited	1	2	50	0.5	6
rich	1	2	8	0.5	4
ring	5	19	264	0.39766081871345	120
rings	16	96	280	0.329605263157895	196
robust	1	3	56	0.666666666666667	17
rotating	10	65	407	0.573557692307692	254
rotation	1	5	49	0.55	12
rough	1	2	12	0.5	4
roughening	11	84	139	0.625502008032129	103
roughness	1	5	56	0.75	16
rule	1	4	36	0.583333333333333	12
ruo	1	2	8	0.5	4
rydberg	6	23	80	0.351778656126482	50
sb	2	4	16	0.333333333333333	6
scalar	1	4	32	0.5	11
scale	1	8	28	0.732142857142857	13
scales	1	6	74	0.766666666666667	25
scaling	1	13	63	0.820512820512821	41
scanning	6	52	86	0.714932126696833	64
scenario	2	6	75	0.633333333333333	19
schr	1	3	32	0.666666666666667	13
schwarzschild	1	2	6	0.5	4
se	2	5	56	0.5	23
sector	1	8	77	0.607142857142857	28
seesaw	13	46	117	0.228019323671498	94
segregation	4	7	13	0.357142857142857	7
selected	1	2	31	0.5	2
selection	1	12	61	0.659090909090909	23
selective	2	5	19	0.45	5
self	1	5	139	0.3	52
semi	1	3	16	0.5	5
semiclassical	3	18	68	0.568627450980392	37
semiconductor	5	21	192	0.445238095238095	96
semileptonic	10	87	110	0.658647420475809	95
sensitive	1	3	28	0.5	9
sensitivity	1	3	14	0.5	3
separated	1	3	11	0.666666666666667	5
separation	7	28	139	0.62962962962963	73
sequence	2	4	14	0.416666666666667	4
sequences	1	8	29	0.571428571428571	8
series	2	6	26	0.266666666666667	6
shallow	2	7	39	0.571428571428572	22
shape	1	3	54	0.5	7
shaped	4	25	211	0.526666666666667	85
sharing	2	22	47	0.798701298701298	32
sheared	3	12	81	0.484848484848485	35
shell	6	16	187	0.158333333333333	82
shifts	1	8	88	0.839285714285714	24
shock	4	14	87	0.527472527472528	48
short	1	2	29	0.5	2
shot	15	90	110	0.636704119850187	95
si	31	186	617	0.524614937518164	437
sic	23	100	138	0.507070707070707	111
signals	4	15	165	0.580952380952381	67
signature	2	7	83	0.428571428571429	28
silica	1	5	13	0.7	7
silicon	42	146	370	0.262730278696268	235
simons	2	3	36	0.166666666666667	13
simple	7	25	307	0.275	84
simulation	1	6	142	0.466666666666667	37
sine	1	8	21	0.767857142857143	16
single	186	1233	3624	0.184793713990793	2291
singlet	1	2	13	0.5	4
singularities	1	3	32	0.5	5
site	1	3	63	0.5	22
sitter	9	25	83	0.355	47
situ	3	6	43	0.166666666666667	10
size	1	2	76	0.5	12
slip	1	2	12	0.5	2
sm	3	8	19	0.357142857142857	11
smectic	15	64	77	0.427083333333333	68
soft	2	4	24	0.25	13
solar	13	191	230	0.663157894736841	198
solitary	2	10	115	0.477777777777778	55
soliton	1	10	60	0.822222222222222	39
solitons	3	40	111	0.634615384615384	71
solution	1	2	49	0.5	4
solutions	1	7	201	0.69047619047619	79
solving	1	2	14	0.5	2
sonoluminescence	8	27	29	0.260683760683761	27
source	1	3	112	0.666666666666667	23
spacetimes	2	7	48	0.357142857142857	18
spatial	3	19	323	0.485380116959064	102
spatially	1	4	15	0.666666666666667	7
spatiotemporal	3	9	101	0.347222222222222	49
species	1	2	10	0.5	2
spectral	2	10	47	0.711111111111111	17
spectroscopic	1	2	20	0.5	4
spectroscopy	2	25	378	0.506666666666667	175
speed	1	2	7	0.5	4
sphere	1	2	11	0.5	2
spheres	1	4	13	0.666666666666667	4
spherical	1	2	23	0.5	4
spin	728	4891	6787	0.218396712964287	5674
spinor	1	4	8	0.583333333333333	4
spins	1	3	43	0.5	10
spiral	1	7	21	0.761904761904762	14
split	6	13	49	0.346153846153846	20
spontaneous	1	5	64	0.7	29
spreading	5	11	37	0.4	20
sqrt	13	49	206	0.298469387755102	149
square	1	3	30	0.666666666666667	10
squeezed	12	67	80	0.54228855721393	67
squeezing	10	61	81	0.35792349726776	66
sr	141	968	1217	0.438091310776281	1062
stability	2	7	235	0.571428571428571	77
stabilization	1	4	14	0.666666666666667	6
stabilized	1	2	27	0.5	4
stable	3	6	236	0.333333333333333	62
staggered	11	51	103	0.289803921568627	82
standard	1	6	88	0.633333333333333	33
star	7	32	76	0.335685483870968	53
stark	1	7	26	0.69047619047619	12
stars	5	32	102	0.295362903225806	69
static	2	6	83	0.4	25
statistical	1	7	86	0.571428571428571	25
statistics	2	7	106	0.571428571428572	46
steady	2	6	52	0.333333333333333	13
step	1	2	13	0.5	2
steps	3	10	44	0.544444444444444	20
stokes	1	2	12	0.5	2
stopping	1	4	33	0.416666666666667	14
storage	4	16	196	0.5125	101
strain	2	5	44	0.5	16
strained	10	41	62	0.296951219512195	43
strange	2	5	23	0.5	9
strength	1	4	46	0.666666666666667	10
string	5	37	85	0.62987987987988	56
strings	6	31	62	0.517204301075269	45
stripe	8	36	59	0.63968253968254	42
strong	2	3	101	0.666666666666667	27
structure	177	885	2398	0.136447069049263	1497
structures	3	6	297	0.366666666666667	101
studied	1	4	178	0.5	24
study	14	43	957	0.236987818383167	427
sub	3	9	54	0.347222222222222	31
substrates	1	3	24	0	9
subwavelength	5	21	46	0.576190476190476	31
sum	7	41	90	0.734756097560976	53
super	5	20	133	0.223684210526316	51
superconductivity	5	45	119	0.758585858585859	77
superconductor	1	3	55	0.666666666666667	8
superconductors	6	29	108	0.647783251231527	53
superconvergence	2	21	28	0.816666666666667	23
supercooled	5	26	62	0.558461538461538	39
superdeformed	13	100	114	0.607171717171717	103
supergravity	1	14	15	0.78021978021978	14
superlattice	1	4	25	0.666666666666667	8
superlattices	7	23	106	0.434782608695652	66
supernova	2	15	17	0.757142857142857	15
superstring	3	9	26	0.361111111111111	15
supersymmetric	4	18	102	0.401960784313726	54
supersymmetry	3	13	53	0.467948717948718	28
supported	2	5	54	0.45	29
suppression	2	9	140	0.347222222222222	44
surface	70	394	742	0.302514821560041	561
surfaces	2	8	138	0.285714285714286	42
surfactant	1	26	46	0.821538461538461	30
susceptibility	7	19	204	0.353801169590643	101
suspensions	6	18	78	0.375816993464052	51
switching	3	11	350	0.554545454545454	152
symmetric	3	6	51	0.366666666666667	24
synchronization	25	295	328	0.697278911564626	302
synchrotron	1	4	36	0.666666666666667	12
system	1	5	274	0.7	73
systematic	1	2	18	0	4
systems	4	14	469	0.538461538461539	145
target	1	5	20	0.75	5
targets	1	4	78	0.666666666666667	23
taylor	3	12	35	0.340909090909091	28
tb	1	6	22	0.666666666666667	11
te	2	7	80	0.404761904761905	39
technique	2	3	15	0.166666666666667	5
techniques	1	2	7	0.5	2
teleportation	3	28	35	0.82010582010582	30
teller	1	2	2	0.5	2
temporal	1	3	35	0.666666666666667	12
tension	1	2	11	0.5	2
tensor	1	3	38	0.666666666666667	9
terahertz	23	99	239	0.159348587920016	154
terms	1	3	35	0.5	11
tev	4	23	61	0.737154150197628	38
theoretical	1	6	163	0.766666666666667	39
theories	1	2	20	0.5	2
thermally	2	3	28	0.166666666666667	8
thermodynamic	1	2	25	0.5	4
thermodynamics	1	6	47	0.733333333333333	19
thermoelectric	1	9	36	0.736111111111111	15
thickness	1	2	8	0.5	2
thin	3	15	295	0.538095238095238	99
threshold	1	5	69	0.8	29
ti	2	5	28	0.5	10
tight	7	34	128	0.370766488413547	66
time	6	52	515	0.693061840120664	247
times	1	3	22	0.5	5
tio	21	100	172	0.307575757575757	136
tip	2	9	14	0.638888888888889	9
tokamak	2	7	21	0.523809523809524	7
tomography	9	48	148	0.428191489361702	82
top	15	53	97	0.363933236574746	64
topology	3	7	202	0.333333333333333	66
torque	5	16	72	0.354166666666667	32
towards	1	4	160	0.666666666666667	16
traffic	5	44	47	0.636892177589852	44
trajectories	5	13	37	0.358974358974359	27
transfer	11	45	255	0.605050505050505	142
transformation	1	2	14	0.5	2
transient	2	14	101	0.631868131868132	52
transistor	1	3	16	0.666666666666667	5
transition	5	35	482	0.66890756302521	240
transitions	2	10	456	0.655555555555555	192
transmission	2	15	231	0.619047619047619	105
transparency	2	11	12	0.754545454545455	11
transport	72	268	1446	0.0883364078483985	837
transverse	6	21	94	0.414285714285714	40
trapped	28	218	368	0.522005665243309	276
trapping	8	24	355	0.719202898550725	187
traveling	1	11	23	0.7	13
triangular	21	97	248	0.351374570446735	155
triple	2	8	16	0.589285714285714	8
triplet	8	51	255	0.42235294117647	143
ttf	5	23	24	0.561264822134387	23
tunable	3	5	213	0.25	42
tuning	1	6	252	0.666666666666667	45
tunneling	16	67	394	0.201492537313433	261
turbulence	25	146	265	0.302409069437883	193
turbulent	2	3	22	0.166666666666667	3
twisted	2	10	63	0.455555555555556	22
ultracold	52	346	455	0.336248638686438	367
ultrahigh	4	16	82	0.4375	41
ultrashort	2	9	64	0.652777777777778	22
ultrathin	3	17	83	0.724264705882353	38
ultraviolet	1	2	16	0.5	6
unconventional	3	17	47	0.566176470588235	30
underdoped	2	10	41	0.733333333333333	22
uniaxial	2	4	50	0.416666666666667	13
unification	1	3	20	0.666666666666667	5
unified	1	5	31	0.8	5
universality	1	4	14	0.75	4
universe	4	13	46	0.493589743589744	18
unstable	2	8	41	0.607142857142857	14
unusual	1	2	14	0.5	2
vacancies	1	3	15	0.666666666666667	7
vacancy	2	16	63	0.675	36
vacuum	1	14	81	0.615384615384615	40
valence	4	12	61	0.363636363636364	31
vapor	1	2	17	0	6
variable	1	6	18	0.4	6
variational	7	21	98	0.283333333333333	61
varying	1	13	97	0.698717948717949	22
veneziano	4	15	38	0.561904761904762	19
versus	1	3	145	0.5	21
vertical	3	8	43	0.375	18
vibrational	3	12	194	0.386363636363636	95
vicinal	7	40	73	0.377564102564103	56
violating	1	11	37	0.654545454545455	18
violation	54	261	521	0.297892720306513	350
virtual	1	2	13	0.5	2
viscosity	2	7	26	0.404761904761905	11
viscous	16	40	287	0.113461538461538	172
voltage	2	3	19	0.166666666666667	3
volume	1	3	41	0.666666666666667	7
vortex	31	342	473	0.720910291368698	375
vortices	5	31	129	0.703225806451613	60
walk	1	2	3	0.5	2
walks	1	2	12	0.5	4
wall	17	96	547	0.388815789473684	331
walled	8	22	65	0.229437229437229	26
walls	5	19	107	0.473684210526316	45
warped	6	21	52	0.45952380952381	34
wave	1	3	259	0.5	62
waveguide	4	12	100	0.5	48
waveguides	1	8	69	0.625	29
wavelength	1	3	19	0.5	5
waves	3	6	72	0.233333333333333	27
weak	1	6	86	0.633333333333333	32
weakly	1	9	293	0.625	98
weighted	4	22	44	0.584415584415584	27
wetting	2	36	41	0.728571428571428	36
width	1	4	18	0.583333333333333	4
wigner	2	11	73	0.763636363636364	35
wilson	1	2	11	0.5	4
wire	1	2	6	0.5	2
wires	2	5	13	0.35	5
wmap	4	8	26	0.160714285714286	18
world	2	23	29	0.772727272727273	23
xe	4	12	44	0.265151515151515	20
xy	2	6	27	0.333333333333333	8
yang	2	6	42	0.266666666666667	17
yb	1	5	26	0.75	16
yba	11	29	97	0.204433497536946	57
yukawa	1	4	17	0.5	6
zigzag	1	7	65	0.809523809523809	23
zn	1	6	36	0.666666666666667	17
zno	34	233	270	0.335374426520646	242
znse	5	11	58	0.245454545454545	33
