model	1965	1969	4	0.810478981779844	0.202619745444961
spin	2001	2006	5	0.589282832049976	0.117856566409995
field	1967	1969	2	0.624657073857816	0.312328536928908
structure	1976	1978	2	0.510722139842892	0.255361069921446
effects	1973	1975	2	0.521922397747375	0.260961198873687
transition	1966	1969	3	0.568033505887397	0.189344501962466
study	1967	1973	6	0.661009895281627	0.110168315880271
surface	1971	1978	7	0.65286111733737	0.0932658739053385
properties	1985	1988	3	0.850448765939031	0.283482921979677
systems	1977	1985	8	0.720459756068378	0.0900574695085473
temperature	1968	1970	2	0.661926196029538	0.330963098014769
wave	1984	1986	2	0.582899605142409	0.291449802571204
density	1979	1984	5	0.592371163512454	0.118474232702491
electronic	1965	1977	12	0.813091662440039	0.0677576385366699
single	1984	1988	4	0.564834938848626	0.141208734712157
lattice	1979	1981	2	0.603884425337011	0.301942212668505
cu	1986	1988	2	0.902712136603222	0.451356068301611
charge	1977	1982	5	0.623716425563341	0.124743285112668
si	1977	1986	9	0.696992317065606	0.0774435907850674
laser	1975	1981	6	0.639175912665543	0.106529318777591
liquid	1967	1969	2	0.534008706918389	0.267004353459194
time	1974	1977	3	0.596506599083182	0.198835533027727
collisions	1970	1977	7	0.785932053132434	0.112276007590348
ray	1971	1973	2	0.677505698917681	0.33875284945884
system	1972	1974	2	0.518680724597285	0.259340362298643
spectroscopy	1969	1974	5	0.596492298168796	0.119298459633759
metal	1978	1981	3	0.582222093888529	0.194074031296176
transitions	1973	1977	4	0.611346158886701	0.152836539721675
atomic	1975	1977	2	0.778755383410254	0.389377691705127
self	1976	1978	2	0.924359859598059	0.46217992979903
ion	1973	1975	2	0.515455465706327	0.257727732853164
transport	1982	1987	5	0.638604451845937	0.127720890369187
production	1972	1975	3	0.635274703749889	0.211758234583296
molecular	1967	1972	5	0.608448183455419	0.121689636691084
light	1970	1972	2	0.569718177558605	0.284859088779303
analysis	1980	1983	3	0.733038913211027	0.244346304403676
behavior	1967	1970	3	0.872892389799994	0.290964129933331
approach	1969	1971	2	0.602373298922112	0.301186649461056
band	1968	1970	2	0.61712425163815	0.308562125819075
fields	1965	1967	2	0.710255672557962	0.355127836278981
atoms	1965	1969	4	0.745866533920142	0.186466633480035
erratum	1972	1974	2	0.910298762394758	0.455149381197379
observation	1978	1980	2	0.518972043810849	0.259486021905425
crystal	1985	1988	3	0.739379013084715	0.246459671028238
potential	1977	1979	2	0.508968434741284	0.254484217370642
models	1979	1981	2	0.65405181018952	0.32702590509476
gas	1978	1980	2	0.821478504661293	0.410739252330646
comment	1969	1973	4	0.586853459723446	0.146713364930862
heavy	1971	1975	4	0.642515476796566	0.160628869199141
superconducting	1986	1988	2	0.648679024878409	0.324339512439204
al	1984	1988	4	0.642745640410565	0.160686410102641
fe	2007	2009	2	0.538016017969096	0.269008008984548
dependent	1967	1969	2	0.544882862710966	0.272441431355483
measurements	1965	1967	2	0.625796839412099	0.312898419706049
calculations	2004	2006	2	0.621541476164007	0.310770738082004
gaas	1983	1988	5	0.674264111025181	0.134852822205036
diffusion	1976	1978	2	0.513852454025387	0.256926227012694
tunneling	1986	1991	5	0.636578606826817	0.127315721365363
pressure	1965	1969	4	0.665544845373709	0.166386211343427
photon	1965	1967	2	0.601880558092617	0.300940279046308
waves	1967	1969	2	0.939640629749957	0.469820314874978
evidence	1977	1979	2	0.717843917991826	0.358921958995913
random	1978	1983	5	0.588842684592637	0.117768536918527
finite	1983	1985	2	0.649356262498334	0.324678131249167
superconductors	1986	1988	2	0.785921970929942	0.392960985464971
rev	1995	1997	2	0.585315858952078	0.292657929476039
phys	1995	1997	2	0.585315858952078	0.292657929476039
quark	1973	1979	6	0.784265996822338	0.13071099947039
fluctuations	1966	1969	3	0.715071093225425	0.238357031075142
method	1967	1973	6	0.630958334168157	0.105159722361359
double	1990	1993	3	0.539130438032368	0.179710146010789
silicon	1979	1981	2	0.505540863814084	0.252770431907042
correlation	1972	1976	4	0.648699080589514	0.162174770147378
function	1967	1969	2	0.627137899210209	0.313568949605104
calculation	1965	1968	3	0.545236088728558	0.181745362909519
structures	1976	1989	13	0.828812210092962	0.0637547853917663
hole	1972	1976	4	0.560482771381321	0.14012069284533
doped	1967	1969	2	0.9237987490103	0.46189937450515
raman	1978	1980	2	0.560607658884801	0.280303829442401
experimental	1965	1968	3	0.595762034785167	0.198587344928389
level	1979	1981	2	0.583785825685926	0.291892912842963
surfaces	1972	1983	11	0.753402781465853	0.0684911619514412
resonant	1977	1979	2	0.694132923333845	0.347066461666922
equation	1965	1967	2	0.574341863191948	0.287170931595974
sr	1985	1987	2	0.592621523442245	0.296310761721122
thin	1987	1991	4	0.574306784578831	0.143576696144708
current	1965	1967	2	0.704771086319075	0.352385543159538
scaling	1970	1972	2	0.736549971168434	0.368274985584217
gauge	1971	1973	2	0.547500059795211	0.273750029897606
strong	1972	1975	3	0.703257283162013	0.234419094387338
transfer	1969	1973	4	0.623789364183007	0.155947341045752
distribution	1968	1972	4	0.801261550625728	0.200315387656432
free	1972	1974	2	0.66468910747787	0.332344553738935
ionization	1970	1972	2	0.81884331598918	0.40942165799459
effective	1970	1972	2	0.508323762549647	0.254161881274824
atom	1965	1967	2	0.630270581707824	0.315135290853912
local	1995	2000	5	0.594923007264549	0.11898460145291
dynamical	1978	1985	7	0.666640347224831	0.095234335317833
range	1981	1983	2	0.51729628023541	0.258648140117705
correlations	1977	1979	2	0.623825813704511	0.311912906852256
co	1975	1977	2	0.593653847250044	0.296826923625022
ni	1977	1979	2	0.589558594816985	0.294779297408493
fermi	1976	1981	5	0.635932610696162	0.127186522139232
semiconductor	1982	1988	6	0.622240181827233	0.103706696971205
coherent	1972	1974	2	0.539432051274384	0.269716025637192
matter	1997	2009	12	0.780567027088953	0.0650472522574128
growth	1982	1988	6	0.728767019867654	0.121461169977942
inelastic	1966	1969	3	0.664572924916838	0.221524308305613
modes	1984	1987	3	0.690834671756829	0.230278223918943
carbon	1999	2005	6	0.643701874148525	0.107283645691421
anomalous	1966	1968	2	0.768968915941556	0.384484457970778
charged	1975	1979	4	0.851808859817844	0.212952214954461
bose	1995	2001	6	0.79152204123372	0.13192034020562
space	1977	1979	2	0.639603451093153	0.319801725546576
frequency	1967	1969	2	0.641010329350903	0.320505164675452
classical	1976	1978	2	0.614786891501634	0.307393445750817
ground	1967	1969	2	0.740331597941932	0.370165798970966
gap	1984	1993	9	0.811685028759384	0.0901872254177093
application	1969	1972	3	0.731033703077505	0.243677901025835
hall	1982	1986	4	0.569693310241372	0.142423327560343
generation	1978	1986	8	0.787632114917396	0.0984540143646745
shell	1969	1971	2	0.627140383202045	0.313570191601023
gev	1966	1968	2	0.509399349693853	0.254699674846927
direct	1967	1969	2	0.891088153286805	0.445544076643403
ga	1985	1988	3	0.543797750331186	0.181265916777062
noise	1980	1985	5	0.637966264966553	0.127593252993311
glass	1975	1980	5	0.618786806338654	0.123757361267731
vortex	1988	1991	3	0.562411450320177	0.187470483440059
einstein	1995	2001	6	0.712939363938664	0.118823227323111
la	1985	1987	2	0.935032237265277	0.467516118632639
excitations	1972	1975	3	0.538675144194896	0.179558381398299
coulomb	1972	1974	2	0.548860436809581	0.274430218404791
processes	1965	1970	5	0.588645572518683	0.117729114503737
qcd	1982	1984	2	0.52142325381986	0.26071162690993
resonances	1973	1975	2	0.517798274501175	0.258899137250587
neutrino	1969	1974	5	0.588396172152923	0.117679234430585
amorphous	1968	1980	12	0.832005515058763	0.0693337929215636
photoemission	1971	1974	3	0.561896578599775	0.187298859533258
ca	1987	1989	2	0.935062457349297	0.467531228674649
conductivity	1979	1981	2	0.527478750726874	0.263739375363437
dimensions	1969	1976	7	0.656146265401909	0.0937351807717013
chiral	1967	1970	3	0.746583682207602	0.248861227402534
pion	1966	1968	2	0.577525861670416	0.288762930835208
black	1991	1995	4	0.63258731021417	0.158146827553542
stability	1972	1974	2	0.549686695730875	0.274843347865437
molecules	1965	1968	3	0.694567782255116	0.231522594085039
bound	1974	1976	2	0.575567929453628	0.287783964726814
beam	1970	1972	2	0.623010282948072	0.311505141474036
mn	1965	1967	2	0.537379977558011	0.268689988779005
weak	1971	1973	2	0.960372385673098	0.480186192836549
yba	1986	1988	2	1	0.5
polarized	1981	1984	3	0.816238712309886	0.272079570769962
diffraction	1981	1983	2	0.61731483554907	0.308657417774535
anisotropic	1982	1986	4	0.674563208049766	0.168640802012442
ferromagnetic	1997	2002	5	0.594905947764526	0.118981189552905
disordered	1970	1973	3	0.541372382312481	0.180457460770827
clusters	1982	1985	3	0.538964184184852	0.179654728061617
mode	1968	1970	2	0.553125446939307	0.276562723469653
anisotropy	1971	1973	2	0.714569918167247	0.357284959083624
equations	1973	1975	2	0.509908951020401	0.254954475510201
ge	1972	1974	2	0.604527379883728	0.302263689941864
exact	1987	1989	2	0.527282214486389	0.263641107243194
interface	1982	1987	5	0.583911427169625	0.116782285433925
corrections	1967	1969	2	0.724907620658202	0.362453810329101
distributions	1970	1972	2	0.740443250781643	0.370221625390821
instability	1968	1970	2	0.62934691872192	0.31467345936096
theoretical	1984	1986	2	0.703382847552116	0.351691423776058
metallic	1970	1972	2	0.525837387224448	0.262918693612224
theories	1972	1974	2	0.749162336212611	0.374581168106306
mixing	1968	1970	2	0.584885501543726	0.292442750771863
monte	1976	1985	9	0.775830878450139	0.0862034309389043
carlo	1976	1985	9	0.775830878450139	0.0862034309389043
dynamic	1966	1968	2	0.76480851353846	0.38240425676923
linear	1982	1984	2	0.592916269658132	0.296458134829066
ising	1971	1975	4	0.673462670688766	0.168365667672191
heat	1974	1976	2	0.619604065157553	0.309802032578776
limit	1965	1967	2	0.883071277103444	0.441535638551722
reply	1986	1988	2	0.74692208628461	0.373461043142305
superconductivity	1985	1987	2	0.786165796188165	0.393082898094083
renormalization	1972	1975	3	0.840263754541005	0.280087918180335
superconductor	1985	1987	2	0.665029373368938	0.332514686684469
boson	1977	1982	5	0.639442677561746	0.127888535512349
solutions	1982	1984	2	0.566989294813324	0.283494647406662
principles	2001	2007	6	0.680301630116975	0.113383605019496
dots	1991	1999	8	0.705828262313129	0.0882285327891412
studied	1980	1990	10	0.765497125168252	0.0765497125168252
dielectric	1965	1968	3	0.62270600250064	0.207568667500213
influence	1977	1979	2	0.628271163934274	0.314135581967137
line	1967	1969	2	0.795214763161985	0.397607381580992
li	1972	1974	2	0.54107610808285	0.270538054041425
motion	1969	1971	2	0.826563111550428	0.413281555775214
gravitational	1974	1977	3	0.600462304903644	0.200154101634548
interacting	1984	1986	2	0.551107275756737	0.275553637878369
multiple	1974	1976	2	0.733700529952524	0.366850264976262
size	1984	1986	2	0.704660973398769	0.352330486699384
breaking	1969	1971	2	0.658825964687613	0.329412982343806
pair	1966	1968	2	0.834266830748334	0.417133415374167
core	1976	1979	3	0.551877262424085	0.183959087474695
generalized	1969	1971	2	0.625455523303146	0.312727761651573
impact	1971	1973	2	0.607949780425523	0.303974890212762
oscillations	1977	1980	3	0.541193976598564	0.180397992199521
infrared	1985	1987	2	0.522695789055673	0.261347894527836
phases	1979	1981	2	0.733310614131877	0.366655307065939
simulation	1984	1989	5	0.590019598673199	0.11800391973464
entanglement	2000	2005	5	0.668478392910006	0.133695678582001
localization	1979	1981	2	0.530877982688441	0.265438991344221
harmonic	1987	1993	6	0.76055760556606	0.126759600927677
threshold	1967	1970	3	0.920331942513934	0.306777314171311
solution	1981	1983	2	0.790980356484601	0.395490178242301
potentials	1977	1979	2	0.577278512451203	0.288639256225602
cluster	1970	1977	7	0.803411085502985	0.114773012214712
pb	1965	1967	2	0.567130643535188	0.283565321767594
superlattices	1984	1987	3	0.671613787520532	0.223871262506844
chain	1972	1977	5	0.627893365396512	0.125578673079302
due	1968	1971	3	0.556380489201456	0.185460163067152
dipole	1979	1981	2	0.926348334817026	0.463174167408513
au	1968	1970	2	0.570328519818475	0.285164259909237
scale	1969	1971	2	0.66193511468944	0.33096755734472
simple	1978	1980	2	0.54453367756698	0.27226683878349
cuo	1985	1987	2	1	0.5
bi	1987	1989	2	0.873055319562754	0.436527659781377
expansion	1972	1975	3	0.717766346272099	0.239255448757366
angle	1967	1969	2	0.879371767174564	0.439685883587282
oxygen	1986	1988	2	0.893221758133416	0.446610879066708
fluid	1973	1975	2	0.559355577838237	0.279677788919118
scalar	1973	1975	2	0.84630844008607	0.423154220043035
josephson	1979	1985	6	0.686693277232284	0.114448879538714
mechanism	1994	1996	2	0.530173867528031	0.265086933764015
chaotic	1980	1996	16	0.9526570326949	0.0595410645434312
resolved	1981	1984	3	0.734839537216952	0.244946512405651
collective	1979	1982	3	0.748540252846934	0.249513417615645
neutral	1976	1978	2	0.679277203984264	0.339638601992132
investigation	1967	1969	2	0.657337620862875	0.328668810431438
networks	2000	2005	5	0.659525392057617	0.131905078411523
comparison	1981	1984	3	0.59167301632875	0.19722433877625
defects	1977	1979	2	0.562909769678188	0.281454884839094
nanotubes	2001	2005	4	0.558254559108587	0.139563639777147
fermion	1983	1986	3	0.550741832202715	0.183580610734238
transverse	1971	1976	5	0.737428658897485	0.147485731779497
exciton	1966	1968	2	0.730434211282134	0.365217105641067
form	1965	1968	3	0.679290276116826	0.226430092038942
hubbard	1987	1990	3	0.653192724719309	0.21773090823977
vibrational	1981	1987	6	0.763682566155617	0.127280427692603
heisenberg	1987	1989	2	0.891509648225417	0.445754824112709
higgs	1975	1978	3	0.548907560174691	0.182969186724897
nucleus	1971	1977	6	0.775642713442701	0.129273785573783
mean	1981	1983	2	0.599582645556329	0.299791322778165
compounds	1969	1972	3	0.555004220361785	0.185001406787262
plasmas	1973	1975	2	0.530995741699777	0.265497870849889
complex	1969	1971	2	0.597824338971141	0.29891216948557
antiferromagnetic	1993	1997	4	0.608685018281472	0.152171254570368
superfluid	1971	1974	3	0.60516479741655	0.20172159913885
chaos	1980	1983	3	0.551561741794754	0.183853913931585
holes	1987	1995	8	0.691348582162995	0.0864185727703744
valence	1971	1974	3	0.545779550802641	0.181926516934214
extended	1972	1975	3	0.657332545392891	0.219110848464297
ag	1979	1981	2	0.758889691039219	0.379444845519609
solitons	1981	1983	2	0.51498538608494	0.25749269304247
control	1991	2006	15	0.894466311980576	0.0596310874653717
statistical	1977	1979	2	0.715762908828733	0.357881454414366
edge	1982	1986	4	0.570716792455613	0.142679198113903
correlated	1985	1994	9	0.716003331764865	0.0795559257516517
dark	2002	2009	7	0.669036780055638	0.0955766828650911
zero	1977	1979	2	0.647253136353719	0.323626568176859
ba	1985	1987	2	0.923254849924852	0.461627424962426
flux	1987	1989	2	0.573598289140547	0.286799144570274
supersymmetric	1981	1983	2	0.589955831231503	0.294977915615752
nonequilibrium	1976	1982	6	0.739833446855826	0.123305574475971
boundary	1974	1976	2	0.649622867461996	0.324811433730998
consistent	1976	1978	2	0.600879141864039	0.300439570932019
impurities	1976	1979	3	0.541230148471584	0.180410049490528
binary	1990	1992	2	0.58893798670893	0.294468993354465
region	1971	1974	3	0.589427669537312	0.196475889845771
propagation	1989	1991	2	0.641290252664488	0.320645126332244
power	1980	1982	2	0.573341669026076	0.286670834513038
versus	1980	1983	3	0.70257132567756	0.23419044189252
spectral	1986	1988	2	0.664878339759416	0.332439169879708
medium	1973	1979	6	0.68532399997111	0.114220666661852
description	1967	1969	2	0.841869791148949	0.420934895574474
solids	1972	1974	2	0.519662025631971	0.259831012815985
lattices	2001	2006	5	0.608962732527383	0.121792546505477
spontaneous	1969	1971	2	0.694182116058403	0.347091058029202
experiments	1969	1971	2	0.91741657326358	0.45870828663179
enhanced	1978	1983	5	0.780409514951958	0.156081902990392
quasi	1973	1984	11	0.777364040218141	0.0706694582016492
negative	1977	1979	2	0.630171448217867	0.315085724108934
giant	1973	1976	3	0.899044981421299	0.299681660473766
microscopy	1985	1991	6	0.687977190755248	0.114662865125875
bulk	1984	1986	2	0.557271849473628	0.278635924736814
microscopic	1972	1974	2	0.593785849596378	0.296892924798189
test	1965	1968	3	0.533904500143345	0.177968166714448
dot	1996	2005	9	0.705636949659145	0.0784041055176828
glasses	1974	1979	5	0.591398502638021	0.118279700527604
constant	1975	1981	6	0.651295353899892	0.108549225649982
string	1984	1987	3	0.90556783740567	0.30185594580189
localized	1972	1974	2	0.507993892809095	0.253996946404548
nematic	1971	1974	3	0.682758911311949	0.22758630377065
short	1976	1978	2	0.753300224418019	0.37665011220901
vacuum	1972	1975	3	0.586060292377894	0.195353430792631
parameter	1965	1970	5	0.913137304233829	0.182627460846766
parameters	1978	1980	2	0.503579581958947	0.251789790979474
perturbation	1969	1971	2	0.703497658497094	0.351748829248547
presence	1987	1989	2	0.582529365897479	0.291264682948739
regime	1979	1999	20	1	0.05
violation	1969	1971	2	0.519667245104391	0.259833622552195
orbital	1966	1970	4	0.592460791816553	0.148115197954138
defect	1984	1986	2	0.521075206468605	0.260537603234302
chains	1971	1976	5	0.590031999936266	0.118006399987253
intermediate	1969	1971	2	0.957465156230193	0.478732578115096
data	1969	1972	3	0.770736578708121	0.256912192902707
mixed	1978	1980	2	0.79160712788025	0.395803563940125
binding	1978	1980	2	0.803884115006599	0.4019420575033
velocity	1979	1981	2	0.632461321542735	0.316230660771368
shape	1970	1973	3	0.60165037934089	0.200550126446963
factor	1965	1968	3	0.810188017495228	0.270062672498409
statistics	1987	1989	2	0.568226367551151	0.284113183775576
landau	1973	1975	2	0.688340118894137	0.344170059447069
na	1970	1972	2	0.568952646575224	0.284476323287612
phonons	1980	1982	2	0.671886142141353	0.335943071070677
electrical	1966	1968	2	0.51538287581852	0.25769143790926
interference	1966	1969	3	0.554451554589944	0.184817184863315
nmr	1965	1968	3	0.603614001892148	0.201204667297383
loss	1980	1982	2	0.512161298423139	0.25608064921157
static	1976	1980	4	0.758269614330314	0.189567403582579
plane	1965	1967	2	0.66715064837535	0.333575324187675
photonic	1998	2004	6	0.64295007851024	0.107158346418373
graphite	1976	1979	3	0.607028128446191	0.202342709482064
susceptibility	1965	1976	11	0.78701775655315	0.0715470687775591
magnetoresistance	1990	1996	6	0.616709939393268	0.102784989898878
fast	1975	1977	2	0.891866009883021	0.44593300494151
factors	1965	1968	3	0.560330471138803	0.186776823712934
experiment	1991	1993	2	0.783007957052446	0.391503978526223
highly	1971	1977	6	0.821467348975489	0.136911224829248
soft	1966	1968	2	0.775361043624365	0.387680521812183
barrier	1986	1990	4	0.66028788119182	0.165071970297955
adsorption	1979	1981	2	0.538840888810183	0.269420444405092
hamiltonian	1978	1980	2	0.566586182218992	0.283293091109496
granular	1992	2003	11	0.75520402400746	0.0686549112734054
kinetic	1983	1985	2	0.777898051660495	0.388949025830248
dilute	1965	1967	2	0.569356111847525	0.284678055923762
enhancement	1977	1979	2	0.72147051880814	0.36073525940407
process	1976	1978	2	0.769134571053265	0.384567285526633
hard	1966	1968	2	0.746303856259143	0.373151928129571
iron	2007	2009	2	0.549303361779264	0.274651680889632
oscillator	1965	1968	3	0.542827350291444	0.180942450097148
results	1965	1967	2	0.548286958509988	0.274143479254994
trapped	1994	2001	7	0.731667136032752	0.104523876576107
scanning	1984	1990	6	0.852488186172583	0.142081364362097
note	2002	2004	2	0.70756578612393	0.353782893061965
epitaxial	1986	1992	6	0.748213902431546	0.124702317071924
condensates	1995	2001	6	0.89893079499767	0.149821799166278
sum	1965	1967	2	0.890061186705075	0.445030593352538
hadron	1972	1974	2	0.717504647625486	0.358752323812743
mesoscopic	1989	1992	3	0.545098273156461	0.181699424385487
turbulence	1979	1981	2	0.567060755730378	0.283530377865189
resolution	1966	1968	2	0.521820408716668	0.260910204358334
pd	1966	1968	2	0.541961883859105	0.270980941929552
excitons	1969	1971	2	0.590327407742452	0.295163703871226
muon	1975	1977	2	0.558251009613255	0.279125504806627
equilibrium	1992	1994	2	0.804153715752477	0.402076857876239
percolation	1981	1984	3	0.611509089410883	0.203836363136961
kinetics	1981	1983	2	0.517863263181785	0.258931631590892
gases	1966	1969	3	0.638396790954453	0.212798930318151
rate	1971	1973	2	0.724305704867557	0.362152852433779
chemical	1977	1980	3	0.723539844107763	0.241179948035921
kondo	1966	1969	3	0.536369562172086	0.178789854057362
publisher	2002	2004	2	0.710201942434076	0.355100971217038
acoustic	1970	1972	2	0.914574310588047	0.457287155294023
cosmological	1978	1980	2	0.726827444275402	0.363413722137701
fine	1976	1978	2	0.617530516299806	0.308765258149903
crossover	1974	1976	2	0.521602445411513	0.260801222705756
bands	1968	1970	2	0.588624041604338	0.294312020802169
pulse	1967	1970	3	0.602025778504312	0.200675259501437
materials	1973	1975	2	0.538229092522574	0.269114546261287
symmetric	1976	1978	2	0.68835225369875	0.344176126849375
film	1984	1986	2	0.572179662719409	0.286089831359705
layers	1973	1976	3	0.687825371692391	0.229275123897464
fusion	1976	1978	2	0.624030803935057	0.312015401967528
condensate	1995	2002	7	0.898249597235929	0.128321371033704
interfaces	1987	1990	3	0.540288949791192	0.180096316597064
cr	1968	1970	2	0.712823122340083	0.356411561170042
metastable	1970	1972	2	0.618779931356326	0.309389965678163
fermions	1979	1986	7	0.810572012476946	0.115796001782421
conditions	1980	1982	2	0.841436750430292	0.420718375215146
coherence	1984	1986	2	0.686903845425375	0.343451922712688
crystalline	1966	1968	2	0.908855156935547	0.454427578467774
currents	1965	1967	2	0.655898994566002	0.327949497283001
rydberg	1980	1983	3	0.565476003887025	0.188492001295675
separation	1990	1993	3	0.685185125156617	0.228395041718872
mno	1994	1996	2	0.588041610220557	0.294020805110279
mixtures	1965	1967	2	0.688866360214598	0.344433180107299
mechanics	1978	1980	2	0.551491639297872	0.275745819648936
spatial	1990	1996	6	0.625927325182031	0.104321220863672
melting	1979	1982	3	0.529612872843428	0.176537624281143
bond	1983	1988	5	0.637496183906991	0.127499236781398
wall	1993	2001	8	0.678635804431616	0.0848294755539521
lett	1995	1997	2	0.54404180853428	0.27202090426714
variational	1966	1968	2	0.530822574289956	0.265411287144978
recombination	1976	1981	5	0.68854141730104	0.137708283460208
mg	1965	1967	2	0.797037898091075	0.398518949045538
continuum	1967	1974	7	0.736728601602768	0.10524694308611
detection	1967	1969	2	0.51444073436901	0.257220367184505
photoelectron	1970	1977	7	0.707863175202556	0.101123310743222
splitting	1967	1970	3	0.555290630447536	0.185096876815845
entropy	1980	1984	4	0.68029845863942	0.170074614659855
graphene	2006	2008	2	0.651781876078413	0.325890938039206
fractional	1988	1990	2	0.578667508556904	0.289333754278452
rotating	1999	2004	5	0.586722066479594	0.117344413295919
ne	1970	1972	2	0.616273887512889	0.308136943756445
hot	1968	1971	3	0.727274817693066	0.242424939231022
magnetism	1972	1974	2	0.53415965255685	0.267079826278425
transmission	1986	1988	2	0.620746705120325	0.310373352560163
confined	1990	1993	3	0.591610360326974	0.197203453442325
pairing	1986	1988	2	0.696598090915315	0.348299045457657
molecule	2001	2004	3	0.555179875017056	0.185059958339019
pt	1973	1975	2	0.716497850486538	0.358248925243269
nd	1988	1990	2	0.803402365721272	0.401701182860636
dense	1983	1985	2	0.635049873496006	0.317524936748003
zn	1980	1982	2	0.689171948935297	0.344585974467649
flavor	1978	1980	2	0.515832031443138	0.257916015721569
wires	1990	1993	3	0.611994990858846	0.203998330286282
arrays	1988	1991	3	0.576647654258287	0.192215884752762
soliton	1980	1982	2	0.65303769648461	0.326518848242305
fluctuation	1980	1982	2	0.979660210049906	0.489830105024953
resistivity	1967	1970	3	0.64835172155695	0.216117240518983
rules	1965	1967	2	0.675387431596877	0.337693715798439
oxide	1984	1988	4	0.695178911899389	0.173794727974847
shifts	1965	1968	3	0.61502798746078	0.205009329153593
ar	1968	1972	4	0.687404579400443	0.171851144850111
photoionization	1973	1976	3	0.532209357730657	0.177403119243552
liquids	1965	1968	3	0.88759629537325	0.295865431791083
confinement	1977	1979	2	0.645493625052912	0.322746812526456
channel	1967	1971	4	0.598713086647539	0.149678271661885
ce	1988	1990	2	0.830736336905099	0.415368168452549
patterns	1981	1994	13	0.868029766511622	0.066771520500894
ti	1972	1974	2	0.879160848454655	0.439580424227328
cacu	1987	1989	2	0.664749691239106	0.332374845619553
observed	1968	1971	3	0.975842209310845	0.325280736436948
antiferromagnet	1987	1989	2	0.711176064202272	0.355588032101136
fluids	1968	1970	2	0.836474860048305	0.418237430024152
compound	1984	1986	2	0.660102725583832	0.330051362791916
strain	1989	1991	2	0.789408093117066	0.394704046558533
orbit	2003	2005	2	0.573744463683123	0.286872231841561
masses	1972	1974	2	0.580816597827727	0.290408298913864
forces	1969	1971	2	0.760853539336242	0.380426769668121
dirac	1980	1983	3	0.560300988569933	0.186766996189978
alloy	1969	1971	2	0.863607427149803	0.431803713574901
thermodynamic	1970	1972	2	0.924919084098912	0.462459542049456
rates	1980	1982	2	0.657522976806105	0.328761488403053
thermodynamics	1973	1976	3	0.59413613228784	0.19804537742928
quasiparticle	1965	1967	2	0.75583646560342	0.37791823280171
inhomogeneous	1983	1985	2	0.600668177610549	0.300334088805275
suppression	1982	1993	11	0.759744348767056	0.0690676680697324
fractal	1982	1984	2	0.502384906425477	0.251192453212739
ultrathin	1986	1992	6	0.670238529471287	0.111706421578548
length	1972	1974	2	0.887806118370584	0.443903059185292
smectic	1972	1981	9	0.868567029087563	0.0965074476763959
polymers	1982	1991	9	0.711533945198716	0.0790593272443018
intense	1971	1973	2	0.550751053753971	0.275375526876985
dimension	1982	1984	2	0.710189845054392	0.355094922527196
quantization	1982	1986	4	0.84004814574978	0.210012036437445
vortices	1991	1995	4	0.609197595527473	0.152299398881868
doping	1987	1991	4	0.631161307948039	0.15779032698701
inclusive	1970	1972	2	1	0.5
gluon	1977	1980	3	0.622482308111051	0.207494102703684
instabilities	1969	1971	2	0.503034110556169	0.251517055278085
bosons	1976	1978	2	0.874752841770305	0.437376420885153
inflation	1983	1991	8	0.705476359803891	0.0881845449754863
modulation	1966	1968	2	0.619475592807916	0.309737796403958
junction	1992	1994	2	0.571319695304547	0.285659847652273
ring	1998	2005	7	0.650997006954237	0.0929995724220339
asymmetry	1973	1975	2	0.676846737564416	0.338423368782208
path	1981	1983	2	0.689405457377402	0.344702728688701
te	1984	1987	3	0.717361197733539	0.239120399244513
deep	1967	1970	3	0.594954618259477	0.198318206086492
geometry	1976	1978	2	0.533057570338042	0.266528785169021
auger	1969	1974	5	0.65391955088448	0.130783910176896
law	1995	2001	6	0.632399925956224	0.105399987659371
trapping	1971	1979	8	0.690849054451377	0.0863561318064222
semiclassical	1967	1975	8	0.750868737685786	0.0938585922107233
modeling	1996	2007	11	0.751148019919356	0.0682861836290324
pp	1966	1969	3	0.965752521834857	0.321917507278286
amplitudes	1966	1968	2	0.620742498897583	0.310371249448791
stimulated	1980	1982	2	0.559835591727556	0.279917795863778
lasers	1988	1990	2	0.592124245554489	0.296062122777244
pr	1987	1989	2	0.577637645699288	0.288818822849644
adiabatic	1973	1976	3	0.714825014089725	0.238275004696575
se	1980	1983	3	0.707026076436572	0.235675358812191
external	1979	1981	2	0.797925209086721	0.398962604543361
lepton	1974	1976	2	0.627681868906437	0.313840934453218
stress	1984	1986	2	0.527408592976534	0.263704296488267
phenomena	1972	1976	4	0.754578734466691	0.188644683616673
nb	1968	1971	3	0.594856581576066	0.198285527192022
photoluminescence	1983	1985	2	0.544413462338467	0.272206731169233
rotational	1985	1987	2	0.592515390656066	0.296257695328033
half	1968	1971	3	0.559324882212591	0.186441627404197
carrier	1979	1981	2	0.882407770245126	0.441203885122563
lifetime	1972	1974	2	0.508435952070902	0.254217976035451
formalism	1972	1974	2	0.60836288822042	0.30418144411021
elements	1969	1971	2	0.666485299149696	0.333242649574848
beams	1971	1973	2	0.629883266970179	0.31494163348509
mechanical	1974	1976	2	0.818808994782343	0.409404497391171
parametric	1970	1972	2	0.602650450840717	0.301325225420358
collision	1965	1967	2	0.74481789183922	0.37240894591961
supersymmetry	1981	1984	3	0.840903722330171	0.280301240776724
heterostructures	1983	1985	2	0.620224294352253	0.310112147176127
nucleation	1993	1996	3	0.56706794767913	0.189022649226377
gd	1972	1974	2	0.64253443393435	0.321267216967175
pairs	1968	1970	2	0.823524058585258	0.411762029292629
femtosecond	1989	1991	2	0.530739288011036	0.265369644005518
physics	1997	1999	2	0.530956284818171	0.265478142409086
top	1989	1992	3	0.536123425176009	0.178707808392003
synchronization	1993	1998	5	0.586542387911299	0.11730847758226
discrete	1976	1978	2	0.548458912420313	0.274229456210157
color	1973	1975	2	0.698709570409687	0.349354785204843
integral	1968	1970	2	0.927682564264932	0.463841282132466
diamond	1987	1990	3	0.536472433579784	0.178824144526595
adsorbed	1976	1981	5	0.715651122471782	0.143130224494356
frustrated	1988	1991	3	0.825813609757235	0.275271203252412
cd	1981	1983	2	0.679423338677941	0.339711669338971
transient	1980	1982	2	0.547339190061617	0.273669595030809
qed	1988	1990	2	0.582956428046207	0.291478214023103
ferroelectric	1971	1973	2	0.590980428813327	0.295490214406663
nonlocal	1982	1984	2	0.694416566386697	0.347208283193349
real	1976	1978	2	0.812879317641668	0.406439658820834
contributions	1970	1973	3	0.974933310734613	0.324977770244871
reconstruction	1984	1991	7	0.721753915417405	0.103107702202486
spherical	2000	2002	2	0.664332323382753	0.332166161691376
limits	1984	1987	3	0.61486447184618	0.204954823948727
dissipative	1983	1985	2	0.859758383265516	0.429879191632758
hadronic	1974	1978	4	0.725823845583148	0.181455961395787
anomaly	1979	1981	2	0.956958769179351	0.478479384589675
standard	1978	1986	8	0.673666059131042	0.0842082573913803
multilayers	1989	1994	5	0.598631260499868	0.119726252099974
convection	1986	1988	2	0.751274777675293	0.375637388837646
tensor	1966	1968	2	0.582521058930034	0.291260529465017
sqrt	2003	2005	2	0.505697017647446	0.252848508823723
pinning	1986	1990	4	0.672232857237733	0.168058214309433
colloidal	1985	1995	10	0.772681152055236	0.0772681152055236
intensity	1968	1970	2	0.594354210482515	0.297177105241258
fock	1966	1969	3	0.583237081130195	0.194412360376732
mechanisms	1982	1984	2	0.83465196785407	0.417325983927035
invariant	1968	1970	2	0.57578145697862	0.28789072848931
site	1981	1983	2	0.622766411399398	0.311383205699699
cooling	1983	1986	3	0.53220449936307	0.17740149978769
series	1971	1973	2	0.893239309610088	0.446619654805044
decoherence	2000	2005	5	0.603300265159499	0.1206600530319
ratio	1967	1969	2	0.595535335757599	0.297767667878799
et	1980	1982	2	0.741202581549514	0.370601290774757
weakly	1992	2001	9	0.715849700495875	0.0795388556106528
contribution	1969	1971	2	0.567120871011489	0.283560435505744
collapse	1996	1998	2	0.502403652646957	0.251201826323479
nature	1970	1972	2	0.643907832060803	0.321953916030402
screening	1967	1969	2	0.990988560582179	0.49549428029109
fluorescence	1969	1972	3	0.581158828710778	0.193719609570259
dissipation	1977	1980	3	0.68964922729695	0.22988307576565
anderson	1979	1981	2	0.720005120491567	0.360002560245784
imaging	1997	2004	7	0.642640187695736	0.0918057410993909
neutrinos	1974	1976	2	0.544577929316267	0.272288964658134
ballistic	1987	1990	3	0.590479654543856	0.196826551514619
treatment	1966	1969	3	0.891317595620995	0.297105865206998
composite	1978	1980	2	0.852122295913718	0.426061147956859
internal	1969	1971	2	0.644264695330498	0.322132347665249
strings	1984	1986	2	0.629944295546078	0.314972147773039
yang	1974	1976	2	0.601089044250319	0.300544522125159
gan	1995	1997	2	0.57557999484471	0.287789997422355
square	1987	1989	2	0.894475751474291	0.447237875737146
entangled	1999	2002	3	0.700643874210983	0.233547958070328
plasmon	1967	1969	2	0.743064066002185	0.371532033001092
rotation	1973	1975	2	0.550229983533033	0.275114991766516
cosmology	1988	1990	2	0.505785222275519	0.25289261113776
hopping	1969	1973	4	0.571628173559676	0.142907043389919
assisted	2001	2005	4	0.601745384113457	0.150436346028364
mott	1997	2004	7	0.663299602856281	0.0947570861223258
nanoparticles	2002	2005	3	0.59250526520429	0.197501755068097
grown	1987	1993	6	0.685530292244771	0.114255048707462
initial	1987	1989	2	0.607992834092635	0.303996417046317
universe	1976	1979	3	0.692882644497879	0.230960881499293
qubit	2002	2005	3	0.639013763980574	0.213004587993525
ionic	1974	1976	2	0.575500237635381	0.287750118817691
condensation	1971	1973	2	0.598645058110326	0.299322529055163
modulated	1968	1970	2	0.57129959507136	0.28564979753568
planar	1975	1977	2	0.68635696696735	0.343178483483675
incommensurate	1980	1982	2	0.560875834613335	0.280437917306668
dinger	1973	1976	3	0.584874272901364	0.194958090967121
arbitrary	1982	1984	2	0.792279237039495	0.396139618519747
strength	1967	1972	5	0.650829812404935	0.130165962480987
schr	1973	1976	3	0.584874272901364	0.194958090967121
implications	1991	1993	2	0.641336673681181	0.32066833684059
circular	1989	1993	4	0.704150770587418	0.176037692646854
abelian	1973	1975	2	0.607091629673909	0.303545814836954
brane	1999	2001	2	0.731528084536791	0.365764042268395
inas	1995	2000	5	0.5915651818195	0.1183130363639
perturbations	1973	1975	2	0.673672876180428	0.336836438090214
step	1973	1975	2	0.680379565590115	0.340189782795057
inverse	1981	1984	3	0.804464118204772	0.268154706068257
reflection	1981	1984	3	0.552527048348039	0.18417568278268
global	1983	1986	3	0.543664233718982	0.181221411239661
asymptotic	1966	1968	2	0.777979211657495	0.388989605828747
rings	2002	2006	4	0.570130978224812	0.142532744556203
relations	1965	1967	2	0.564030034276026	0.282015017138013
vacancy	1975	1977	2	0.576684129671382	0.288342064835691
isotropic	1969	1971	2	0.55984750816105	0.279923754080525
green	1982	1984	2	0.504236791390284	0.252118395695142
analytical	1978	1980	2	0.646184360355346	0.323092180177673
controlled	1980	1983	3	0.545750512030957	0.181916837343652
reversal	1965	1968	3	0.705683077143285	0.235227692381095
dna	1999	2004	5	0.642920365649613	0.128584073129923
ac	1981	1984	3	0.580613857956948	0.193537952652316
magneto	1988	1993	5	0.652873008002309	0.130574601600462
optimal	1995	2009	14	0.844190196953279	0.0602992997823771
ferromagnet	1966	1969	3	0.608505378006689	0.20283512600223
fragmentation	1977	1979	2	0.774024414938239	0.38701220746912
component	1966	1968	2	0.525532432130019	0.262766216065009
universality	1973	1975	2	0.873643662626015	0.436821831313007
infinite	1965	1967	2	0.953618247501349	0.476809123750675
physical	1988	1990	2	0.726929566849097	0.363464783424548
cuprates	1988	1996	8	0.796968573363009	0.0996210716703762
mediated	1995	1997	2	0.550628413233113	0.275314206616556
related	1965	1967	2	0.821893802342988	0.410946901171494
modified	1971	1973	2	0.638855481275279	0.319427740637639
macroscopic	1977	1979	2	0.529072217507532	0.264536108753766
analytic	1979	1981	2	1	0.5
tev	2003	2005	2	0.510283695591511	0.255141847795755
odd	1969	1972	3	0.656914859332701	0.218971619777567
unified	1971	1973	2	0.787083112911943	0.393541556455972
porous	1991	1995	4	0.572408698396305	0.143102174599076
channels	1985	1987	2	0.677829522281709	0.338914761140855
rb	1966	1968	2	0.787695535278109	0.393847767639055
conversion	1969	1974	5	0.76456520578658	0.152913041157316
tunnel	1979	1981	2	0.542677301679453	0.271338650839727
sodium	1972	1974	2	0.505825833614112	0.252912916807056
photoproduction	1966	1968	2	0.533085373287437	0.266542686643718
electroweak	1978	1980	2	0.613762219724415	0.306881109862208
partial	1965	1967	2	0.699485684195443	0.349742842097722
ferromagnetism	2000	2002	2	0.530143381856219	0.265071690928109
nanotube	1999	2003	4	0.596103615252026	0.149025903813006
mobility	1968	1970	2	0.551523664046713	0.275761832023356
ultracold	2001	2007	6	0.741467803977736	0.123577967329623
sb	1966	1968	2	0.559859898931456	0.279929949465728
sio	1981	1986	5	0.6322041767356	0.12644083534712
regge	1965	1967	2	0.560357492040853	0.280178746020426
strained	1986	1988	2	0.506856371603499	0.25342818580175
action	1983	1986	3	0.688916382611623	0.229638794203874
stark	1967	1969	2	0.891906976058766	0.445953488029383
mills	1974	1976	2	0.641020700415964	0.320510350207982
massive	1969	1971	2	0.906378128058036	0.453189064029018
tight	1990	1993	3	0.608280122145808	0.202760040715269
inversion	1971	1974	3	0.906765449326407	0.302255149775469
longitudinal	1969	1971	2	0.686187524400788	0.343093762200394
nanowires	2002	2006	4	0.74046657810323	0.185116644525808
densities	1970	1973	3	0.655986567092242	0.218662189030747
deformation	1976	1978	2	0.815569961229267	0.407784980614633
couplings	1982	1984	2	0.561664830691125	0.280832415345563
oxides	1986	1988	2	0.917831846196302	0.458915923098151
bilayer	1993	2009	16	0.89519963301651	0.0559499770635319
multiphoton	1971	1973	2	0.701281941143297	0.350640970571649
improved	1982	1985	3	0.606110005805819	0.20203666860194
manganites	1996	2000	4	0.83569341412345	0.208923353530862
lithium	1967	1969	2	0.586683592405369	0.293341796202685
zr	1981	1983	2	0.707085380093693	0.353542690046847
geometric	2001	2003	2	0.665585568806628	0.332792784403314
transformation	1968	1970	2	0.968438206152668	0.484219103076334
superlattice	1983	1986	3	0.601531936054094	0.200510645351365
turbulent	1970	1972	2	0.668494779201861	0.33424738960093
violating	1965	1967	2	0.522115531441059	0.26105776572053
doubly	1976	1979	3	0.892076797420763	0.297358932473588
mo	1975	1977	2	0.662116312790062	0.331058156395031
feedback	1992	1994	2	0.542819793249303	0.271409896624652
vapor	1978	1980	2	0.734703715076145	0.367351857538073
population	1972	1974	2	0.532646439125383	0.266323219562692
methods	1980	1985	5	0.609443294146467	0.121888658829293
formulation	1966	1968	2	0.689662255279156	0.344831127639578
damping	1965	1967	2	0.756226548473275	0.378113274236637
qubits	1999	2003	4	0.556396888631683	0.139099222157921
stable	1975	1978	3	0.661326886244466	0.220442295414822
casimir	1996	2008	12	0.85723114279334	0.0714359285661117
colliders	1984	1989	5	0.662246479759809	0.132449295951962
applications	1965	1967	2	0.759935616849189	0.379967808424594
reduction	1969	1971	2	0.847519262819525	0.423759631409763
branching	2000	2005	5	0.629370708197294	0.125874141639459
spatiotemporal	1992	1997	5	0.716509349888649	0.14330186997773
narrow	1973	1975	2	0.837697575445454	0.418848787722727
resistance	1986	1988	2	0.753829946549785	0.376914973274892
ru	1981	1983	2	0.510289027855641	0.25514451392782
boundaries	1992	1994	2	0.554969849608739	0.277484924804369
hybrid	1973	1975	2	0.598850507811752	0.299425253905876
source	1997	2002	5	0.783510893746459	0.156702178749292
antiferromagnets	1986	1988	2	0.666883781668273	0.333441890834137
wire	1988	1990	2	0.570791745146314	0.285395872573157
cs	1965	1967	2	0.649102279239242	0.324551139619621
dissociation	1983	1985	2	0.668073738224218	0.334036869112109
rule	1965	1967	2	0.668890421076241	0.33444521053812
front	1992	1995	3	0.528812740353678	0.176270913451226
leading	2000	2002	2	0.514177954260305	0.257088977130152
anomalies	1965	1967	2	0.576166547953036	0.288083273976518
algorithm	1994	2000	6	0.701028624432074	0.116838104072012
computation	1995	2000	5	0.592648943659656	0.118529788731931
characteristics	1989	1991	2	0.591169908857036	0.295584954428518
assembled	1996	1998	2	0.514477569422504	0.257238784711252
cern	2006	2008	2	0.502902550121355	0.251451275060678
optically	1974	1976	2	0.638606694772823	0.319303347386412
argon	1967	1970	3	0.528216680587906	0.176072226862635
configuration	1978	1980	2	0.680544601368501	0.340272300684251
teller	1968	1970	2	0.525909559800756	0.262954779900378
cl	1970	1972	2	0.508924812331866	0.254462406165933
kerr	1986	1990	4	0.625203867234717	0.156300966808679
excitonic	1986	1988	2	0.587792392520731	0.293896196260366
perturbative	1971	1973	2	0.657968511826719	0.32898425591336
sphere	1968	1970	2	0.707008054968778	0.353504027484389
parallel	1982	1984	2	0.637065783025211	0.318532891512605
representation	1965	1969	4	0.599756724898224	0.149939181224556
degenerate	1967	1969	2	1	0.5
electrodynamics	1968	1971	3	0.568215382467592	0.189405127489197
stars	1996	1998	2	0.560333146698365	0.280166573349182
spatially	1999	2001	2	0.501239401148449	0.250619700574225
dichroism	1989	1991	2	0.66818856543694	0.33409428271847
collider	1981	1984	3	0.54701161720176	0.18233720573392
sic	1994	2000	6	0.618211446563149	0.103035241093858
nanoscale	2001	2006	5	0.68547513414809	0.137095026829618
monolayer	1985	1988	3	0.580714221582246	0.193571407194082
deformed	1968	1970	2	0.67424792532089	0.337123962660445
operator	1972	1974	2	0.652257255409415	0.326128627704708
quenched	1975	1977	2	0.517134412080452	0.258567206040226
walls	1996	1998	2	0.534924791112838	0.267462395556419
dimer	1979	1984	5	0.652587734582347	0.130517546916469
dual	1969	1971	2	0.922392896816948	0.461196448408474
switching	1999	2005	6	0.623414070615057	0.10390234510251
dipolar	1970	1973	3	0.8409935677421	0.280331189247366
probed	1996	1999	3	0.529941653655187	0.176647217885062
wetting	1982	1985	3	0.86193554678537	0.287311848928457
probability	1969	1971	2	0.925460063452898	0.462730031726449
variable	1970	1972	2	0.615381608430836	0.307690804215418
memory	2001	2008	7	0.651590417264266	0.0930843453234666
solar	1997	1999	2	0.55035389558562	0.27517694779281
gradient	1976	1979	3	0.664725712808546	0.221575237602849
selective	1978	1981	3	0.791407640399345	0.263802546799782
polaron	1981	1983	2	0.596132148048811	0.298066074024405
inp	1985	1987	2	0.56765374136627	0.283826870683135
nanostructures	2002	2005	3	0.56878864042782	0.18959621347594
alas	1987	1989	2	0.529591400911162	0.264795700455581
fcc	1968	1971	3	0.639755348864611	0.21325178295487
peak	1975	1977	2	0.550684106189262	0.275342053094631
deposition	1987	1990	3	0.566562886817381	0.188854295605794
triangular	2004	2006	2	0.515290627987158	0.257645313993579
boltzmann	1965	1969	4	0.637096558189367	0.159274139547342
walled	2001	2005	4	0.779990842070322	0.19499771051758
changes	1965	1968	3	1	0.333333333333333
stabilization	1968	1970	2	0.735522148566325	0.367761074283163
rich	1968	1970	2	0.702591053984687	0.351295526992344
xe	1973	1976	3	0.541512576877244	0.180504192292415
substrate	1977	1979	2	0.647586225033656	0.323793112516828
independent	1974	1977	3	0.547182519851818	0.182394173283939
efficient	1999	2002	3	0.574702099913325	0.191567366637775
exponents	1983	1985	2	0.701294616137335	0.350647308068668
wigner	1977	1980	3	0.576262900252145	0.192087633417382
extra	1998	2000	2	0.914712504049239	0.457356252024619
spectroscopic	1966	1968	2	1	0.5
measured	1975	1978	3	0.803225178607882	0.267741726202627
precision	1965	1967	2	0.976250375082642	0.488125187541321
perovskite	1966	1968	2	0.67779152414914	0.33889576207457
class	1972	1974	2	0.676944694944572	0.338472347472286
interfacial	1984	1989	5	0.655973237099061	0.131194647419812
rayleigh	1976	1978	2	0.536010068131394	0.268005034065697
embedded	1999	2003	4	0.564690908241668	0.141172727060417
insulating	1968	1970	2	0.638329284572867	0.319164642286434
interlayer	1991	1995	4	0.704624429813237	0.176156107453309
lifetimes	1974	1976	2	0.538010329832413	0.269005164916207
mgb	2000	2002	2	1	0.5
final	1966	1968	2	0.627768980379232	0.313884490189616
luttinger	1991	1993	2	0.557338362947631	0.278669181473815
steady	1985	1989	4	0.793715759448475	0.198428939862119
coexistence	1974	1976	2	0.500511931432226	0.250255965716113
criticality	1999	2001	2	0.502778250629635	0.251389125314817
quarks	1973	1980	7	0.758810435580745	0.108401490797249
friction	1989	1996	7	0.729642602122397	0.104234657446057
bonding	1981	1983	2	0.606364951025459	0.303182475512729
acceleration	1982	1984	2	0.65883028617428	0.32941514308714
coo	2002	2004	2	0.827531905112918	0.413765952556459
mixture	1978	1980	2	0.666122431892158	0.333061215946079
brownian	1980	1984	4	0.588817328840998	0.147204332210249
oscillation	1985	1987	2	0.554362465756626	0.277181232878313
luminescence	1975	1977	2	0.561204576547217	0.280602288273609
bias	1965	1967	2	0.500281401893067	0.250140700946534
nanocrystals	1995	2005	10	0.747324434294435	0.0747324434294435
complete	1982	1984	2	0.708343950703031	0.354171975351515
triplet	1998	2000	2	0.569075516255571	0.284537758127785
hydrodynamic	1972	1974	2	0.922736313880475	0.461368156940237
ladder	1997	1999	2	0.586018247997076	0.293009123998538
squeezed	1986	1990	4	0.622352267801304	0.155588066950326
polar	1975	1977	2	0.707928016799952	0.353964008399976
close	1968	1970	2	0.645600756859035	0.322800378429517
interplay	1995	2000	5	0.594120783403164	0.118824156680633
homogeneous	1973	1975	2	0.614403121102619	0.30720156055131
dephasing	1978	1980	2	0.595361129262888	0.297680564631444
tio	1998	2000	2	0.606595912875912	0.303297956437956
boron	2002	2004	2	0.581632443117911	0.290816221558955
silica	1984	1986	2	0.67531983120999	0.337659915604995
compact	1997	1999	2	0.576049957201943	0.288024978600971
absolute	1971	1973	2	0.50363542895756	0.25181771447878
applied	1977	1979	2	0.876776943769091	0.438388471884546
computer	1987	1989	2	0.645370233468848	0.322685116734424
identification	1966	1968	2	0.92226470297519	0.461132351487595
broadening	1974	1976	2	0.509763547211323	0.254881773605661
voltage	1975	1977	2	0.594728862385542	0.297364431192771
isospin	1965	1967	2	0.651543683289832	0.325771841644916
measuring	1995	2003	8	0.669982861311181	0.0837478576638976
xy	1982	1984	2	0.671223773801201	0.3356118869006
ads	1997	1999	2	0.835528582524594	0.417764291262297
supergravity	1975	1977	2	0.926560909800952	0.463280454900476
unstable	1987	1989	2	0.670843802602838	0.335421901301419
moving	1981	1983	2	0.698213129119518	0.349106564559759
limited	1982	1985	3	0.807994786206831	0.269331595402277
active	1974	1976	2	0.566062748201657	0.283031374100828
nn	1965	1967	2	0.786146796590492	0.393073398295246
breakup	1976	1978	2	0.551926685998326	0.275963342999163
bounds	1966	1968	2	0.625372117103292	0.312686058551646
cell	1969	1971	2	0.752245879166169	0.376122939583085
oscillatory	1974	1978	4	0.746000398565186	0.186500099641296
upper	1965	1967	2	0.680988087416912	0.340494043708456
spacetime	1973	1975	2	0.846788489779076	0.423394244889538
aggregation	1982	1985	3	0.900876802820266	0.300292267606755
material	1989	1991	2	0.500473610355601	0.2502368051778
standing	1977	1979	2	0.898310986722208	0.449155493361104
orientation	1967	1969	2	0.713802030895481	0.35690101544774
orientational	1981	1983	2	0.585362143692061	0.29268107184603
generated	2003	2009	6	0.718972381999824	0.119828730333304
transformations	1975	1977	2	0.930807774231291	0.465403887115646
noncommutative	1999	2001	2	0.893156870398969	0.446578435199484
optics	2000	2003	3	0.54487914258313	0.181626380861043
target	1971	1973	2	0.678331953030482	0.339165976515241
duality	1967	1969	2	1	0.5
filled	1981	1983	2	0.508110141157988	0.254055070578994
diffusive	1993	1998	5	0.627344295041322	0.125468859008264
world	1999	2001	2	0.869224009368338	0.434612004684169
relativity	1977	1980	3	0.600981195702994	0.200327065234331
axis	1991	1996	5	0.821841644734955	0.164368328946991
diluted	1982	1985	3	0.66987548595284	0.223291828650947
pseudogap	1995	1997	2	0.592311271199944	0.296155635599972
nonperturbative	1972	1974	2	0.541329102882465	0.270664551441232
singularities	1970	1972	2	0.744799509429577	0.372399754714789
sitter	1984	1986	2	0.671793639887408	0.335896819943704
zno	1975	1977	2	0.5949979445931	0.29749897229655
selection	1978	1980	2	0.662786914215253	0.331393457107626
bell	1980	1982	2	0.916357301831111	0.458178650915556
organized	1987	1990	3	0.570785219505425	0.190261739835142
shock	1971	1973	2	0.706871367573813	0.353435683786907
signals	1966	1968	2	0.630730196955362	0.315365098477681
quantized	1972	1974	2	0.626143309035835	0.313071654517917
transparency	1969	1972	3	0.891942729829431	0.297314243276477
algebra	1965	1967	2	0.792388525822958	0.396194262911479
aharonov	1983	1985	2	0.548214567069359	0.27410728353468
domains	1990	1992	2	0.597141056740752	0.298570528370376
lhc	2007	2009	2	0.591717190516071	0.295858595258035
volume	1983	1985	2	0.662381293046613	0.331190646523307
bloch	1974	1976	2	0.853895671845371	0.426947835922685
singlet	1965	1967	2	0.997776774482735	0.498888387241367
spheres	1980	1982	2	0.560875834613335	0.280437917306668
compton	1969	1972	3	0.533818698347061	0.177939566115687
alignment	1971	1973	2	0.538061806436291	0.269030903218146
positive	1976	1978	2	0.696550639348327	0.348275319674164
protein	1992	1996	4	0.672062963589448	0.168015740897362
parton	1970	1973	3	0.78892248918426	0.26297416306142
stationary	1977	1979	2	0.726150254040709	0.363075127020354
viscosity	1970	1972	2	0.702442315951429	0.351221157975715
branes	1995	1997	2	0.593609309496516	0.296804654748258
sm	1968	1971	3	0.972503759819271	0.324167919939757
segregation	1980	1982	2	0.584543835997632	0.292271917998816
gaps	1977	1979	2	0.507633640523219	0.25381682026161
concentration	1974	1976	2	0.721079731259244	0.360539865629622
conductors	1973	1975	2	0.74897885296483	0.374489426482415
scales	1983	1985	2	0.564808854735945	0.282404427367972
traps	1968	1971	3	0.843011217732126	0.281003739244042
terahertz	2002	2009	7	0.795799936412533	0.11368570520179
onset	1987	1990	3	0.594695291927829	0.198231763975943
neural	1985	1988	3	0.616507107234859	0.205502369078286
eu	1978	1980	2	0.77797233543684	0.38898616771842
islands	1996	1999	3	0.552190962661019	0.18406365422034
change	1984	1986	2	0.722172612058007	0.361086306029003
gate	2000	2003	3	0.628854798770999	0.209618266257
orbits	1990	1995	5	0.651823475329451	0.13036469506589
andreev	1997	1999	2	0.525901173280728	0.262950586640364
coefficient	1971	1973	2	0.73548053794364	0.36774026897182
filling	1991	1997	6	0.612957430153402	0.102159571692234
hexagonal	1968	1970	2	0.68209549951707	0.341047749758535
ferromagnets	1972	1976	4	0.68805553819723	0.172013884549307
technique	1969	1971	2	0.590274658339384	0.295137329169692
storage	2000	2006	6	0.645112722052937	0.107518787008823
tunable	2007	2009	2	0.531307999316918	0.265653999658459
key	1999	2005	6	0.904638537389185	0.150773089564864
jet	1977	1979	2	0.796621973444416	0.398310986722208
bohm	1992	1994	2	0.577028485875261	0.288514242937631
clustering	1976	1978	2	0.87477785801752	0.43738892900876
stripe	1998	2000	2	0.669018793655782	0.334509396827891
anharmonic	1988	1990	2	0.629967794696358	0.314983897348179
fermionic	1985	1987	2	0.557930647123185	0.278965323561592
ensemble	1981	1983	2	0.688968365010468	0.344484182505234
signature	1992	1994	2	0.657519800527785	0.328759900263892
chern	1988	1990	2	0.61607006332015	0.308035031660075
correction	1968	1970	2	0.792454656112464	0.396227328056232
simons	1988	1990	2	0.599857693232778	0.299928846616389
competition	1995	2003	8	0.734282721447453	0.0917853401809317
primordial	1974	1976	2	0.663193497233219	0.33159674861661
environment	1989	1991	2	0.503051750837425	0.251525875418712
determined	1971	1973	2	0.630456074922888	0.315228037461444
principle	1977	1980	3	0.907204045987715	0.302401348662572
waveguide	1997	2003	6	0.644919184213524	0.107486530702254
shot	1996	1999	3	0.628070531492591	0.209356843830864
delayed	1975	1977	2	0.611132787154331	0.305566393577165
persistent	1977	1979	2	0.508530860869169	0.254265430434584
signal	1983	1985	2	0.750932500803706	0.375466250401853
dislocation	1970	1972	2	0.684511282068206	0.342255641034103
terms	1968	1971	3	0.843974345428807	0.281324781809602
glassy	1985	1987	2	0.546036428434584	0.273018214217292
anti	1998	2001	3	0.581911561833272	0.193970520611091
attractive	1997	2001	4	0.63992488027183	0.159981220067957
basis	1967	1969	2	0.586057440617505	0.293028720308752
squeezing	1983	1987	4	0.635179941094818	0.158794985273704
absence	1980	1982	2	0.685637893006045	0.342818946503023
chromodynamics	1977	1979	2	0.66688081857275	0.333440409286375
injection	1973	1976	3	0.572008383512426	0.190669461170809
bilayers	1999	2001	2	0.549048308166682	0.274524154083341
partially	1971	1973	2	0.500015989255221	0.25000799462761
devices	2000	2004	4	0.682024232174696	0.170506058043674
controlling	1988	1994	6	0.685634754535517	0.114272459089253
investigated	1987	1989	2	0.535960742517692	0.267980371258846
epitaxy	1982	1989	7	0.734822294182557	0.104974613454651
towards	1988	2003	15	0.868484925456329	0.0578989950304219
index	1967	1970	3	0.53266902411908	0.177556341373027
waveguides	2000	2003	3	0.613836848252353	0.204612282750784
cylindrical	1972	1974	2	0.908688370949652	0.454344185474826
matrices	1967	1969	2	0.667643543961764	0.333821771980882
synchrotron	1973	1976	3	0.740951000660776	0.246983666886925
cycle	2001	2006	5	0.663317989324127	0.132663597864825
tl	1968	1970	2	0.858240302743614	0.429120151371807
spins	1973	1975	2	0.53704640480118	0.26852320240059
interferometry	1981	1983	2	0.706285863221897	0.353142931610948
ultrashort	1995	1998	3	0.635251201294447	0.211750400431482
tuning	2003	2009	6	0.697354872922887	0.116225812153815
operators	1965	1967	2	0.618403705128469	0.309201852564235
maps	1982	1984	2	0.596677491227055	0.298338745613528
lateral	1991	1995	4	0.565978754011287	0.141494688502822
exclusive	1984	1986	2	0.578507910659834	0.289253955329917
closed	1969	1971	2	0.741724705915983	0.370862352957992
underdoped	1995	1997	2	0.596696378466103	0.298348189233051
feshbach	2002	2004	2	0.561419297819664	0.280709648909832
novel	1983	1985	2	0.571025642929814	0.285512821464907
variation	1967	1969	2	0.522833722976081	0.26141686148804
times	1985	1987	2	0.639413101060551	0.319706550530276
shaped	1993	1997	4	0.558396903381955	0.139599225845489
star	1976	1978	2	0.675280728135146	0.337640364067573
conformal	1969	1971	2	1	0.5
cavities	1998	2000	2	0.5218418503775	0.26092092518875
teleportation	1998	2000	2	0.816190741485428	0.408095370742714
rashba	2003	2005	2	0.654270918027903	0.327135459013952
loops	1998	2002	4	0.571525753158406	0.142881438289602
combined	1967	1969	2	0.610883715641966	0.305441857820983
hg	1971	1973	2	0.631076209070282	0.315538104535141
spiral	1989	1991	2	0.518394701042692	0.259197350521346
compression	1978	1980	2	0.610929550801324	0.305464775400662
cmb	2007	2009	2	0.547115598023471	0.273557799011735
vibrations	1975	1980	5	0.607452221978412	0.121490444395682
estimation	1999	2001	2	0.526482374138446	0.263241187069223
bosonic	1985	1987	2	0.910251318786716	0.455125659393358
electromagnetically	2003	2007	4	0.583611267588842	0.145902816897211
photoinduced	1981	1983	2	0.708311683134107	0.354155841567054
nitride	1973	1975	2	0.912364345705141	0.45618217285257
polyacetylene	1978	1980	2	0.520562442420418	0.260281221210209
conjugated	1993	1996	3	0.671249536299761	0.223749845433254
fiber	1984	1987	3	0.545791717773495	0.181930572591165
beta	1979	1983	4	0.62868234493878	0.157170586234695
viscous	1988	1990	2	0.5535075596645	0.27675377983225
respond	1980	1982	2	0.692317273841756	0.346158636920878
asymmetries	1977	1979	2	0.723160268562643	0.361580134281322
multilayer	1997	1999	2	0.593094859142425	0.296547429571212
manipulation	2001	2003	2	0.554910316578346	0.277455158289173
inside	2001	2003	2	0.53581861745295	0.267909308726475
curvature	1982	1984	2	0.72793585771552	0.36396792885776
gates	2001	2003	2	0.760336324311417	0.380168162155708
jahn	1966	1970	4	0.627755116167705	0.156938779041926
morphology	1989	1991	2	0.664335346870946	0.332167673435473
barriers	1980	1982	2	0.791308498858997	0.395654249429499
atomistic	2004	2006	2	0.5611606856313	0.28058034281565
peierls	1972	1975	3	0.624183114944435	0.208061038314812
events	1974	1976	2	0.775177055149083	0.387588527574542
ginzburg	1986	1990	4	0.567453722389043	0.141863430597261
delay	1994	2003	9	0.741357339930111	0.0823730377700123
magnets	1971	1973	2	0.989940981882397	0.494970490941199
focusing	1980	1982	2	0.575319102180807	0.287659551090403
competing	1984	1989	5	0.604369222663921	0.120873844532784
rh	1972	1974	2	0.534020657046089	0.267010328523044
penetration	1970	1972	2	0.531984734333907	0.265992367166953
hysteresis	1998	2002	4	0.605352667382743	0.151338166845686
reduced	1975	1977	2	0.592264057057555	0.296132028528778
left	1976	1978	2	0.708060849019826	0.354030424509913
associated	1970	1973	3	0.583283339413655	0.194427779804552
width	1967	1969	2	0.589481463701415	0.294740731850707
complexes	1970	1972	2	0.69740747000169	0.348703735000845
detector	1981	1983	2	0.822960063964988	0.411480031982494
bcs	2003	2005	2	0.599452655726288	0.299726327863144
elasticity	1993	1995	2	0.584899045855175	0.292449522927588
topology	2001	2006	5	0.663317989324127	0.132663597864825
suspensions	1983	1985	2	0.518888796559819	0.259444398279909
fixed	1969	1971	2	0.714744546711416	0.357372273355708
quantitative	1994	2005	11	0.753369557671649	0.0684881416065135
third	1975	1980	5	0.659142850702867	0.131828570140573
energetics	1999	2001	2	0.532942890601206	0.266471445300603
spacetimes	2001	2003	2	0.589147984533857	0.294573992266929
decomposition	1978	1980	2	0.595014654713018	0.297507327356509
newtonian	1979	1982	3	0.935184441589035	0.311728147196345
periodically	1988	1990	2	0.556168486375352	0.278084243187676
communication	1995	2003	8	0.675295392591683	0.0844119240739604
biased	1983	1985	2	0.997629811787191	0.498814905893595
lt	1968	1970	2	0.681040681173132	0.340520340586566
bubble	1988	1992	4	0.663798950879957	0.165949737719989
directed	1990	1992	2	0.635386339258351	0.317693169629176
contacts	1993	1995	2	0.67310799861095	0.336553999305475
itinerant	1975	1977	2	0.745165035660972	0.372582517830486
assembly	2003	2006	3	0.558013433721369	0.186004477907123
stm	1992	1996	4	0.824637880756633	0.206159470189158
proximity	1974	1976	2	1	0.5
gain	1989	1992	3	0.649320452737631	0.216440150912544
vacancies	1968	1971	3	0.693541930509247	0.231180643503082
creation	1988	1990	2	0.600695602914185	0.300347801457092
individual	1997	1999	2	0.58162729341987	0.290813646709935
sub	1988	1990	2	0.731400536705026	0.365700268352513
multiferroic	2006	2008	2	0.609353044094441	0.304676522047221
extreme	1979	1981	2	0.697804846188565	0.348902423094282
znse	1986	1988	2	0.52736536378595	0.263682681892975
cone	1970	1972	2	0.854753883069143	0.427376941534572
srtio	1970	1972	2	0.508583971050602	0.254291985525301
isolated	1994	1996	2	0.55590977232622	0.27795488616311
electrostatic	1978	1980	2	0.922951330436652	0.461475665218326
manganite	1996	1999	3	0.563085318445547	0.187695106148516
polaritons	1967	1969	2	0.998077491375274	0.499038745687637
including	1977	1979	2	0.809708415144203	0.404854207572101
interferometer	2000	2006	6	0.642346196335984	0.107057699389331
efficiency	2002	2004	2	0.500052375627163	0.250026187813581
map	1988	1990	2	0.980878764145697	0.490439382072848
configurations	1965	1967	2	0.654371987890169	0.327185993945085
roughness	1978	1980	2	0.589315443548094	0.294657721774047
cells	1996	2000	4	0.55805115275478	0.139512788188695
pumping	1965	1968	3	0.729753669606655	0.243251223202218
unification	1978	1980	2	0.661785181461247	0.330892590730623
semileptonic	1994	1996	2	0.736220406429545	0.368110203214773
handed	2002	2004	2	0.627289727412852	0.313644863706426
ice	1990	2004	14	0.838145415471494	0.0598675296765353
error	1994	1996	2	0.588517648040888	0.294258824020444
yb	1965	1967	2	0.670600853406041	0.335300426703021
forming	2000	2002	2	0.538929142243328	0.269464571121664
comments	1967	1969	2	0.565524842559975	0.282762421279988
diagrams	1968	1970	2	0.911400189214759	0.455700094607379
blockade	1995	1998	3	0.594202496235284	0.198067498745095
nanoclusters	2001	2006	5	0.701475283867393	0.140295056773479
substrates	1991	1993	2	0.608671821562685	0.304335910781343
targets	1975	1977	2	0.508949409590271	0.254474704795136
magnet	1977	1979	2	0.64441621852399	0.322208109261995
island	1992	1996	4	0.559684554416583	0.139921138604146
sources	1976	1978	2	0.553130919861429	0.276565459930715
hidden	1965	1968	3	1	0.333333333333333
realistic	1965	1967	2	0.818526755102775	0.409263377551388
nio	1989	1991	2	0.600058807041191	0.300029403520595
systematic	1977	1980	3	0.769294743845642	0.256431581281881
condensed	1974	1976	2	0.898845739668865	0.449422869834433
passage	1982	1984	2	0.867361853927302	0.433680926963651
features	1982	1984	2	0.795147280604538	0.397573640302269
prediction	1978	1980	2	0.828730331197785	0.414365165598893
attosecond	2003	2005	2	0.524912920308112	0.262456460154056
ev	1965	1969	4	0.71967311780513	0.179918279451283
multipartite	2004	2006	2	0.528424688390086	0.264212344195043
term	1970	1972	2	0.557499394392115	0.278749697196057
supercooled	1986	1990	4	0.562106483229792	0.140526620807448
membranes	1987	1989	2	0.638147231470124	0.319073615735062
exotic	2002	2004	2	0.716975434031456	0.358487717015728
heating	1969	1972	3	0.939968183238573	0.313322727746191
realization	1968	1970	2	0.801682602857189	0.400841301428595
poly	1989	1991	2	0.680473549801478	0.340236774900739
fidelity	2004	2006	2	0.546763038737585	0.273381519368792
regimes	1989	1991	2	0.515132894466721	0.257566447233361
testing	1982	1984	2	0.56336780592321	0.281683902961605
sensitivity	1981	1983	2	0.869395095285486	0.434697547642743
lying	1968	1971	3	0.538531669036371	0.179510556345457
incoherent	1996	1998	2	0.747621862528767	0.373810931264383
demonstration	1999	2007	8	0.86017255357268	0.107521569196585
monolayers	1997	1999	2	0.67447588731394	0.33723794365697
aging	1999	2003	4	0.800113172151787	0.200028293037947
amplification	1971	1973	2	0.511714977311983	0.255857488655992
hydrogenated	1978	1980	2	0.634958184013263	0.317479092006632
ultrahigh	1977	1979	2	0.690278031396896	0.345139015698448
nanoparticle	2001	2005	4	0.636385498857742	0.159096374714435
taylor	1984	1986	2	0.557433306192825	0.278716653096413
walks	1982	1984	2	0.701909554913088	0.350954777456544
mapping	1981	1989	8	0.694289616705367	0.0867862020881708
magnetized	1966	1968	2	0.785829916955745	0.392914958477872
detectors	1983	1985	2	0.753272533416808	0.376636266708404
ensembles	1993	2007	14	0.848394996527376	0.0605996426090983
veneziano	1967	1969	2	1	0.5
uniform	1975	1977	2	0.783376724811247	0.391688362405624
computing	2000	2002	2	0.670307796758235	0.335153898379118
observables	1996	1998	2	0.58139268801712	0.29069634400856
metamaterials	2006	2009	3	0.670975887268133	0.223658629089378
holographic	2005	2009	4	0.700114396942054	0.175028599235514
brillouin	1978	1980	2	0.620288411811427	0.310144205905714
scenario	1997	2000	3	0.628133338162763	0.209377779387588
thickness	1972	1974	2	0.83632067785563	0.418160338927815
resonator	1985	1987	2	0.570972068977791	0.285486034488895
subwavelength	2002	2005	3	0.897097289193002	0.299032429731001
pyrochlore	2001	2004	3	0.529220704159827	0.176406901386609
magnetotransport	1975	1977	2	0.644262857683842	0.322131428841921
astrophysical	2005	2007	2	0.613002950893013	0.306501475446506
packet	1984	1986	2	0.748335290329912	0.374167645164956
capillary	1985	1987	2	0.513724110086195	0.256862055043097
polariton	1968	1970	2	0.682263930528746	0.341131965264373
unconventional	1988	1990	2	0.529490497743755	0.264745248871878
er	1966	1968	2	0.745072558429782	0.372536279214891
nonlinearity	1986	1988	2	0.686267049113153	0.343133524556577
baryons	1975	1979	4	0.624948283663745	0.156237070915936
tension	1979	1981	2	0.584185877865684	0.292092938932842
depth	1972	1974	2	0.59017575165502	0.29508787582751
temporal	2005	2008	3	0.530271329878228	0.176757109959409
pole	1966	1968	2	0.558155685258591	0.279077842629296
nonadiabatic	1980	1982	2	0.85678536444143	0.428392682220715
der	1977	1979	2	0.578839568598585	0.289419784299293
insulators	1970	1972	2	0.636496156014487	0.318248078007243
uniaxial	1976	1978	2	0.543968019427384	0.271984009713692
optimization	1998	2003	5	0.592430758017493	0.118486151603499
ruo	1997	2000	3	0.544362362765739	0.181454120921913
torque	2006	2008	2	0.570688566013898	0.285344283006949
fermilab	1994	1997	3	0.720570810873365	0.240190270291122
forward	1969	1971	2	0.584410092515245	0.292205046257622
species	1965	1967	2	0.749963633445192	0.374981816722596
superdeformed	1989	1996	7	0.765358181257263	0.109336883036752
zinc	1965	1970	5	0.655237839587628	0.131047567917526
icosahedral	1984	1986	2	1	0.5
dispersive	1979	1981	2	0.898183680178752	0.449091840089376
composition	1973	1975	2	0.861628874628701	0.430814437314351
dilaton	1992	1994	2	0.869453236381253	0.434726618190627
crystallization	1991	1995	4	0.57250063340607	0.143125158351518
intermittency	1980	1982	2	0.620886921829207	0.310443460914603
super	1976	1978	2	0.626792498531015	0.313396249265507
measure	1984	1988	4	0.569007531863516	0.142251882965879
ir	1972	1974	2	0.901462235056818	0.450731117528409
emergence	2002	2006	4	0.571119037840142	0.142779759460036
design	2003	2006	3	0.537553620939537	0.179184540313179
superstring	1984	1986	2	0.985372327366949	0.492686163683474
membrane	1992	2001	9	0.745000330333862	0.0827778144815403
covariant	1966	1968	2	0.836577915934586	0.418288957967293
flat	1974	1977	3	0.768064027225053	0.256021342408351
charmed	1973	1975	2	0.903892564759001	0.451946282379501
microcavities	1994	1997	3	0.556091032288286	0.185363677429429
magnetoelectric	2006	2009	3	0.613945041061276	0.204648347020425
perpendicular	1983	1985	2	0.597005658870981	0.298502829435491
fraction	1980	1982	2	0.863024784402876	0.431512392201438
bcc	1977	1979	2	0.525971329601429	0.262985664800715
air	1966	1969	3	1	0.333333333333333
bec	2003	2005	2	0.742878343189961	0.371439171594981
decaying	1974	1976	2	0.68657073188162	0.34328536594081
frequencies	1978	1980	2	0.524230139088061	0.262115069544031
radial	1970	1972	2	0.764196383302349	0.382098191651175
slip	1988	1991	3	0.635521009730965	0.211840336576988
ultraviolet	1977	1979	2	0.669288061377801	0.334644030688901
dc	1967	1970	3	0.945836366872138	0.315278788957379
cugeo	1993	1995	2	0.722408331629067	0.361204165814533
klein	1983	1985	2	0.74678596978496	0.37339298489248
oxidation	1975	1977	2	0.706240524082832	0.353120262041416
tb	1969	1972	3	0.715031252709874	0.238343750903291
kr	1971	1978	7	0.652285450529101	0.0931836357898716
laws	1970	1973	3	0.673248954363952	0.224416318121317
drag	1971	1974	3	0.723263561717593	0.241087853905864
helical	1967	1969	2	0.637984404105336	0.318992202052668
quenching	1980	1982	2	0.853194235720345	0.426597117860173
geometrical	1979	1981	2	0.519169121524957	0.259584560762478
tevatron	1987	1989	2	0.519972852208934	0.259986426104467
cdte	1984	1986	2	0.709302688695068	0.354651344347534
hadrons	1973	1975	2	0.508424994101	0.2542124970505
nanowire	2002	2005	3	0.811345030187171	0.270448343395724
implementation	1999	2001	2	0.76542213153912	0.38271106576956
dissociative	1976	1978	2	0.644843722946618	0.322421861473309
markovian	1981	1984	3	0.716087935245941	0.238695978415314
mirror	1980	1983	3	0.920064541642377	0.306688180547459
analog	1965	1967	2	0.611418138034408	0.305709069017204
fluctuating	1976	1978	2	0.622238821015615	0.311119410507807
evaluation	1979	1981	2	0.685359139534589	0.342679569767295
fracture	2001	2005	4	0.626082734437614	0.156520683609403
observations	1967	1969	2	0.559333940601906	0.279666970300953
lagrangian	1967	1969	2	0.728549239955299	0.36427461997765
formed	1969	1971	2	0.644359879024722	0.322179939512361
vertical	1994	1997	3	0.598940511424896	0.199646837141632
electroproduction	1970	1972	2	0.513984147192903	0.256992073596452
dy	1976	1978	2	0.563419351571093	0.281709675785546
aspects	1973	1975	2	0.840993449516472	0.420496724758236
bremsstrahlung	1965	1969	4	0.769418359146401	0.1923545897866
post	1974	1976	2	0.944400743054788	0.472200371527394
triple	1970	1972	2	1	0.5
strange	1982	1984	2	0.66186218827443	0.330931094137215
bifurcation	1984	1987	3	0.579481775947124	0.193160591982375
understanding	2000	2005	5	0.62499167279835	0.12499833455967
microcavity	1994	1996	2	0.665745107870607	0.332872553935303
droplets	1971	1973	2	0.71521537526782	0.35760768763391
landscape	2004	2006	2	0.518060395827231	0.259030197913615
tomography	2002	2009	7	0.683180507403687	0.0975972153433839
detecting	1984	1986	2	0.54584139315517	0.272920696577585
varying	2000	2002	2	0.609253685046797	0.304626842523398
trajectories	1966	1968	2	0.862565652235504	0.431282826117752
counting	1974	1976	2	0.908306996240727	0.454153498120363
refraction	2002	2005	3	0.700469684028491	0.233489894676164
spinor	1967	1969	2	1	0.5
cooper	2005	2007	2	0.518642559289766	0.259321279644883
binaries	2003	2006	3	0.669241482838556	0.223080494279519
bag	1980	1983	3	0.540186247499498	0.180062082499833
born	1972	1976	4	0.650921371998175	0.162730342999544
metamaterial	2006	2009	3	0.626398426833493	0.208799475611164
interstitial	1982	1984	2	0.759749894136357	0.379874947068179
monopole	1980	1983	3	0.571897540775395	0.190632513591798
plasmonic	2006	2008	2	0.654179152225823	0.327089576112911
hydrodynamics	1980	1982	2	0.744126750925093	0.372063375462546
roughening	1975	1977	2	0.511981471838931	0.255990735919465
tests	1977	1979	2	0.532898973144731	0.266449486572366
solitary	1994	1997	3	0.563883174726325	0.187961058242108
five	1980	1982	2	0.860559934764882	0.430279967382441
pump	1996	2003	7	0.736710702417905	0.105244386059701
operations	1999	2001	2	0.597432005373167	0.298716002686583
singularity	1967	1969	2	0.69421886560225	0.347109432801125
comparative	1985	1987	2	0.730160489587178	0.365080244793589
ladders	1993	1997	4	0.647324824046841	0.16183120601171
kagome	2006	2008	2	0.887023306845763	0.443511653422881
relative	1965	1967	2	0.548161388071145	0.274080694035572
wavelength	1969	1971	2	0.945075534359641	0.47253776717982
steps	1982	1986	4	0.607177957772732	0.151794489443183
pions	1966	1968	2	0.750342707465487	0.375171353732744
ttf	1973	1976	3	0.923100636372358	0.307700212124119
nanoribbons	2007	2009	2	0.685038975540969	0.342519487770485
saturation	1974	1977	3	0.588955477410723	0.196318492470241
tokamak	1975	1977	2	0.700194159601143	0.350097079800572
dominance	1966	1968	2	0.67486245464172	0.33743122732086
framework	1979	1981	2	0.838210081152132	0.419105040576066
crossing	1967	1969	2	0.678046893253702	0.339023446626851
calculated	1968	1970	2	0.734200567644276	0.367100283822138
natural	1967	1969	2	0.708162786731474	0.354081393365737
rough	1982	1984	2	0.556562142349982	0.278281071174991
bath	1982	1984	2	0.514698242989828	0.257349121494914
correspondence	1997	1999	2	0.66337847438146	0.33168923719073
deterministic	1996	1999	3	0.694345173840804	0.231448391280268
fractions	2002	2004	2	0.655003240351528	0.327501620175764
desorption	1979	1982	3	0.601497743783403	0.200499247927801
positronium	1971	1973	2	0.565301758483687	0.282650879241843
split	1967	1969	2	0.70887156011704	0.35443578005852
waals	1977	1979	2	0.578839568598585	0.289419784299293
noisy	1995	1999	4	0.59566858591653	0.148917146479133
distortion	1967	1969	2	0.708162786731474	0.354081393365737
nearly	1965	1967	2	0.668720829152845	0.334360414576423
oriented	1966	1968	2	0.64600238890693	0.323001194453465
extension	1967	1970	3	0.967173439709434	0.322391146569811
polycrystalline	1984	1987	3	0.6999607762853	0.233320258761767
proteins	2001	2003	2	0.57706410172603	0.288532050863015
inflationary	1981	1983	2	0.591706401304377	0.295853200652188
absorbing	1979	1982	3	0.97157975514866	0.323859918382887
donor	1967	1969	2	0.538768585866539	0.269384292933269
drift	1965	1967	2	0.514348432859414	0.257174216429707
bragg	1968	1970	2	0.541983985673178	0.270991992836589
conducting	1992	1994	2	0.690810296692442	0.345405148346221
quasiparticles	1970	1972	2	0.54002752360028	0.27001376180014
lyapunov	1994	1996	2	0.648293875239394	0.324146937619697
randomly	1977	1979	2	0.724240421544505	0.362120210772252
deuterium	1967	1970	3	0.773175000841618	0.257725000280539
period	1979	1981	2	0.660905532060807	0.330452766030403
anisotropies	1974	1976	2	0.628350909877241	0.314175454938621
activity	2000	2003	3	0.893805133269397	0.297935044423132
ideal	1966	1968	2	1	0.5
nonrelativistic	1968	1971	3	0.618987619663588	0.206329206554529
supported	2003	2005	2	0.500075897966328	0.250037948983164
maxwell	1981	1983	2	0.665998611286454	0.332999305643227
thermoelectric	1966	1968	2	0.574510231927308	0.287255115963654
canonical	1969	1971	2	0.614316214484226	0.307158107242113
colloids	1999	2006	7	0.767619848331682	0.109659978333097
superconvergence	1965	1967	2	1	0.5
perfect	1977	1979	2	0.541576506835414	0.270788253417707
columnar	1994	1996	2	0.541324309881783	0.270662154940891
semiconducting	1982	1984	2	0.655658795919345	0.327829397959672
ratios	1978	1980	2	0.705243754560674	0.352621877280337
quasiperiodic	1984	1986	2	0.549823628846393	0.274911814423196
wilson	1973	1975	2	0.638502926033705	0.319251463016853
situ	1982	1984	2	0.583488084706181	0.291744042353091
modification	1976	1979	3	1	0.333333333333333
fano	1978	1980	2	0.72779327711775	0.363896638558875
unusual	1966	1968	2	0.623046357615894	0.311523178807947
magnetically	1965	1968	3	0.780446667442131	0.260148889147377
simultaneous	1967	1970	3	0.65774951576947	0.219249838589823
robust	1999	2003	4	0.669436808335856	0.167359202083964
seesaw	1997	2009	12	0.942478427939789	0.0785398689949824
rabi	2003	2008	5	0.603889125675297	0.120777825135059
supernova	1986	1988	2	1	0.5
changing	1982	1984	2	0.619988952093657	0.309994476046829
factorization	1970	1974	4	0.576921160348816	0.144230290087204
quintessence	1998	2000	2	0.778623088853503	0.389311544426752
doublet	1983	1985	2	0.635371796490342	0.317685898245171
jets	1978	1980	2	0.570728841004203	0.285364420502101
cesium	1990	1992	2	0.585271303567409	0.292635651783705
selected	1988	1990	2	0.761244921515579	0.380622460757789
rf	1985	1987	2	0.660200427323778	0.330100213661889
colossal	1998	2000	2	0.786781260123097	0.393390630061548
ho	1973	1975	2	0.559093220653494	0.279546610326747
antiferromagnetism	1984	1988	4	0.695647640528364	0.173911910132091
profile	1973	1975	2	0.583204285408364	0.291602142704182
nanocrystalline	1996	1998	2	0.522919035621259	0.261459517810629
gordon	1982	1984	2	0.608756290823429	0.304378145411714
staggered	1973	1975	2	0.630154254436888	0.315077127218444
helicity	1969	1971	2	0.734842397457906	0.367421198728953
atmospheric	1997	1999	2	0.691430268183005	0.345715134091503
perovskites	1965	1967	2	0.688922998209261	0.34446149910463
vicinal	1989	1991	2	0.617246704112163	0.308623352056081
stopping	1979	1982	3	0.807100504852652	0.269033501617551
cellular	2000	2003	3	0.688446682375238	0.229482227458413
extraction	1971	1973	2	0.762025834371818	0.381012917185909
semi	1971	1975	4	0.769314064227801	0.19232851605695
element	1987	1989	2	0.803996417046317	0.401998208523159
nambu	2006	2008	2	0.651657543415112	0.325828771707556
dust	1993	2000	7	0.724800643195441	0.10354294902792
chirality	1999	2002	3	0.670801904637896	0.223600634879299
sequence	1982	1984	2	0.645633076397618	0.322816538198809
noncollinear	2002	2004	2	0.561204569964877	0.280602284982439
tcnq	1973	1976	3	0.919896496221206	0.306632165407069
sensitive	1988	1990	2	0.677424209098962	0.338712104549481
freezing	1984	1986	2	0.578507910659834	0.289253955329917
engineering	2002	2004	2	0.665516422037175	0.332758211018588
xenon	1978	1981	3	0.608786805982979	0.20292893532766
fronts	1995	1998	3	0.635921745453427	0.211973915151142
collisional	1973	1975	2	0.548657946820902	0.274328973410451
cloning	1999	2001	2	0.603772097380436	0.301886048690218
solvable	1979	1981	2	0.914618005852096	0.457309002926048
lensing	2001	2003	2	0.783762097123083	0.391881048561541
speed	1970	1972	2	0.868370706531411	0.434185353265706
el	1985	1987	2	0.561175825533826	0.280587912766913
stabilized	1993	1995	2	0.795692499131844	0.397846249565922
fundamental	1971	1973	2	0.64308959939577	0.321544799697885
separated	1966	1968	2	0.581419110690634	0.290709555345317
pentaquark	2002	2004	2	1	0.5
relaxor	1997	2002	5	0.869277197738199	0.17385543954764
diatomic	1971	1974	3	0.595762963216496	0.198587654405499
multiscale	2004	2006	2	0.501605070704543	0.250802535352271
fullerene	1990	1992	2	0.857988258933848	0.428994129466924
excitable	1989	1992	3	0.583177559183233	0.194392519727744
transistor	2000	2003	3	0.710377636189264	0.236792545396421
br	1972	1974	2	0.589325671914299	0.29466283595715
polarons	1971	1973	2	0.630880283443844	0.315440141721922
clean	1969	1971	2	0.990179299454751	0.495089649727376
carriers	1987	1989	2	0.517250219769948	0.258625109884974
resonators	2001	2004	3	0.665929048827031	0.22197634960901
algorithms	1990	1992	2	0.52690467790839	0.263452338954195
constrained	2002	2004	2	0.619016592040043	0.309508296020021
distance	1970	1972	2	0.667277183160499	0.33363859158025
organization	1993	1995	2	0.544801061903142	0.272400530951571
image	1983	1985	2	0.513829061987123	0.256914530993561
phenomenology	1977	1979	2	0.609178227766749	0.304589113883375
neighbor	1968	1970	2	1	0.5
pnictides	2007	2009	2	1	0.5
langevin	1984	1986	2	0.610930379070616	0.305465189535308
accelerator	1984	1986	2	0.759807078014722	0.379903539007361
mssm	2005	2007	2	0.850038643471043	0.425019321735521
accelerated	1980	1982	2	0.832714603662223	0.416357301831111
exponent	1968	1970	2	0.578279737703123	0.289139868851561
conservation	1969	1971	2	0.528125363287271	0.264062681643636
constraining	2000	2003	3	0.639482441349865	0.213160813783288
charm	1974	1976	2	1	0.5
revisited	2004	2006	2	0.68397733338673	0.341988666693365
pnictide	2007	2009	2	0.971625132931619	0.485812566465809
bafe	2007	2009	2	1	0.5
lafeaso	2006	2008	2	1	0.5
editorial	2006	2008	2	1	0.5
excess	1977	1979	2	0.812851029421665	0.406425514710832
grand	1980	1982	2	0.515449196814715	0.257724598407357
curved	1973	1975	2	0.625666398449938	0.312833199224969
inequalities	1980	1982	2	0.760742570237147	0.380371285118574
lifshitz	1976	1978	2	0.95279340768562	0.47639670384281
multiperipheral	1968	1971	3	0.960752804433031	0.32025093481101
plastic	1966	1968	2	0.628663933564596	0.314331966782298
electrically	2007	2009	2	0.650043306156632	0.325021653078316
holography	2000	2002	2	0.609253685046797	0.304626842523398
intercalation	1978	1981	3	0.601265716211931	0.200421905403977
revealed	1995	1997	2	0.527346697487144	0.263673348743572
traveling	1985	1987	2	0.676128799457892	0.338064399728946
multiplicity	1971	1973	2	0.751493349792189	0.375746674896095
annealing	1979	1981	2	0.85018696171006	0.42509348085503
schwarzschild	1971	1973	2	0.880348649899943	0.440174324949971
sector	1965	1968	3	0.678957048249764	0.226319016083255
derivative	1983	1985	2	0.779013209994147	0.389506604997073
hamiltonians	1974	1976	2	0.665716795037542	0.332858397518771
reorientation	1966	1968	2	0.729214584109317	0.364607292054659
fragment	1978	1980	2	0.680623084510681	0.340311542255341
artificial	2001	2003	2	0.630233186080472	0.315116593040236
multicomponent	1981	1984	3	1	0.333333333333333
sine	1982	1984	2	0.5360918799603	0.26804593998015
alternative	1973	1975	2	0.518003901378274	0.259001950689137
leptogenesis	2002	2004	2	0.623705974791822	0.311852987395911
responds	1980	1982	2	0.530055412785095	0.265027706392547
tip	1985	1987	2	0.69410468455977	0.347052342279885
reflectivity	1974	1976	2	0.978865259748057	0.489432629874028
sonoluminescence	1995	1998	3	0.771870072357537	0.257290024119179
resonating	1986	1988	2	0.849953806097595	0.424976903048798
functionals	1981	1983	2	0.634918905829238	0.317459452914619
delocalization	1981	1983	2	0.693673943232903	0.346836971616452
device	1973	1975	2	1	0.5
honeycomb	2005	2007	2	0.639086632778405	0.319543316389203
gaussianity	2007	2009	2	0.63482779772866	0.31741389886433
accurate	1970	1972	2	0.706793871380713	0.353396935690356
analyzing	1979	1982	3	0.636150113889194	0.212050037963065
distorted	1972	1974	2	0.742142775210588	0.371071387605294
stokes	1973	1975	2	0.543839134466968	0.271919567233484
essay	2006	2008	2	1	0.5
preparation	1999	2001	2	0.765962205350706	0.382981102675353
plateau	2007	2009	2	0.589181272444742	0.294590636222371
fibers	1993	1995	2	0.591384998263688	0.295692499131844
diffractive	1971	1973	2	0.60916892460363	0.304584462301815
pamela	2007	2009	2	1	0.5
wmap	2002	2004	2	1	0.5
gauss	2003	2007	4	0.659318309845416	0.164829577461354
packets	1991	1997	6	0.876850091412446	0.146141681902074
driving	1978	1980	2	0.694998836862068	0.347499418431034
performance	2001	2003	2	0.531655449727914	0.265827724863957
horizon	2006	2009	3	0.56927752515101	0.189759175050337
elliptic	2007	2009	2	0.522786326577226	0.261393163288613
laalo	2006	2009	3	0.856425841717004	0.285475280572335
kaluza	1983	1985	2	0.779013209994147	0.389506604997073
parabolic	1988	1993	5	0.935351440018798	0.18707028800376
bipartite	2001	2003	2	0.618421293665755	0.309210646832878
profiles	1973	1976	3	0.571682454773572	0.190560818257857
commensurate	1980	1982	2	0.68063697062788	0.34031848531394
schwinger	1965	1967	2	0.865551136848144	0.432775568424072
multiply	1976	1978	2	0.76454454387852	0.38227227193926
multi	1967	1969	2	0.740589143761311	0.370294571880655
shallow	1981	1983	2	0.631895471354619	0.315947735677309
cafe	2007	2009	2	1	0.5
formula	1977	1979	2	0.73537912349655	0.367689561748275
berry	1985	1987	2	0.982685985711327	0.491342992855664
synthesis	1978	1980	2	1	0.5
fourier	1986	1988	2	0.646044875922532	0.323022437961266
quasinormal	2001	2003	2	0.766561354848783	0.383280677424391
generating	1974	1976	2	0.887164334384801	0.4435821671924
walk	1981	1983	2	0.897118112199836	0.448559056099918
classification	1974	1977	3	0.772948772833925	0.257649590944642
master	1972	1974	2	0.964351415623458	0.482175707811729
diffuse	1974	1976	2	0.707139511303255	0.353569755651627
folding	1988	1990	2	0.703970988909292	0.351985494454646
weighted	2003	2006	3	0.703428927388798	0.234476309129599
avalanches	1993	1995	2	0.584899045855175	0.292449522927588
sharing	1976	1978	2	0.626792498531015	0.313396249265507
sequential	1976	1978	2	0.539859964206098	0.269929982103049
central	1979	1981	2	0.533341867485945	0.266670933742973
replies	1986	1988	2	0.828912141402881	0.41445607070144
repulsive	1965	1967	2	0.888860464455246	0.444430232227623
cadmium	1967	1969	2	0.666471756264542	0.333235878132271
dislocations	1980	1982	2	0.538605969231318	0.269302984615659
quasielastic	1972	1974	2	0.665190693482057	0.332595346741029
manganese	1968	1970	2	0.503549731507995	0.251774865753998
nodal	2003	2008	5	0.809017971307732	0.161803594261546
bistable	1980	1982	2	0.609730455859592	0.304865227929796
gt	1984	1986	2	0.933448617472605	0.466724308736303
relationship	1979	1981	2	0.690432247417202	0.345216123708601
sheared	1988	1990	2	0.642134757672606	0.321067378836303
conductor	1978	1980	2	0.635769925700536	0.317884962850268
deficient	1979	1981	2	0.513762117031062	0.256881058515531
nonmagnetic	1967	1969	2	0.580718051142331	0.290359025571165
barium	1983	1985	2	0.553863203391244	0.276931601695622
reversible	1966	1968	2	0.714762535477767	0.357381267738884
vertex	1969	1972	3	0.539849032233552	0.179949677411184
sc	1965	1968	3	0.546845716996419	0.182281905665473
epr	1972	1974	2	0.598228832178469	0.299114416089234
spreading	1978	1980	2	0.522165080570958	0.261082540285479
eikonal	1968	1970	2	0.633626729498686	0.316813364749343
lasinio	2006	2008	2	0.668722627520109	0.334361313760054
solving	1975	1978	3	0.647824404268259	0.21594146808942
anyon	1989	1991	2	0.894505394730869	0.447252697365434
rubidium	1967	1974	7	0.658993195590455	0.0941418850843508
degree	1977	1979	2	0.704083592024834	0.352041796012417
thermally	1979	1981	2	0.626673493988756	0.313336746994378
criterion	1976	1978	2	0.691839864190146	0.345919932095073
ghost	1969	1971	2	0.787873917966325	0.393936958983162
yukawa	1984	1986	2	0.721734972160145	0.360867486080073
bonnet	2001	2004	3	0.548342379933212	0.182780793311071
ternary	1982	1984	2	0.807032254490408	0.403516127245204
bogoliubov	2001	2003	2	0.692709155295174	0.346354577647587
bedt	1984	1986	2	0.539645918149772	0.269822959074886
various	1965	1967	2	0.762483628786649	0.381241814393325
expansions	1977	1979	2	0.726681297442017	0.363340648721009
jona	2006	2008	2	0.668722627520109	0.334361313760054
maximum	1972	1974	2	0.832595346741029	0.416297673370514
spinning	1971	1973	2	0.806275142182475	0.403137571091237
dielectronic	1982	1984	2	0.702811238792514	0.351405619396257
zigzag	2004	2007	3	0.655592074991671	0.21853069166389
accumulation	1987	1989	2	0.681523519718524	0.340761759859262
ycu	1985	1987	2	1	0.5
bending	1988	1990	2	0.618324540416509	0.309162270208254
microscope	1984	1986	2	0.762431347297451	0.381215673648725
product	1974	1976	2	0.618987183598375	0.309493591799187
tilted	1973	1975	2	0.970429958902342	0.485214979451171
regular	1987	1989	2	0.831996928896844	0.415998464448422
traffic	1996	1998	2	0.590378090034	0.295189045017
family	1986	1988	2	0.686267049113153	0.343133524556577
aligned	1975	1977	2	0.621282789238967	0.310641394619483
gravitating	1999	2002	3	0.567533104462972	0.189177701487657
emph	1984	1986	2	0.750914738078103	0.375457369039052
exactly	1980	1982	2	0.68063697062788	0.34031848531394
coarsening	1994	1998	4	0.693277592720932	0.173319398180233
derivation	1968	1970	2	0.5748461409787	0.28742307048935
nonconservation	1978	1980	2	0.646482574944638	0.323241287472319
intersubband	1976	1979	3	0.691186353889974	0.230395451296658
monopoles	1974	1976	2	0.948002273528558	0.474001136764279
ratchet	2000	2005	5	0.735733816544496	0.147146763308899
twisted	2003	2006	3	0.564040523261532	0.188013507753844
gpa	1986	1989	3	0.705523632126234	0.235174544042078
sequences	1979	1981	2	0.684358624613813	0.342179312306906
constraint	1985	1987	2	0.766533020337786	0.383266510168893
migration	1973	1975	2	0.938858287505343	0.469429143752671
circuits	2003	2006	3	0.813160224254942	0.271053408084981
surfactant	1993	1996	3	0.672208588957055	0.224069529652352
hierarchy	1978	1980	2	0.754474781354816	0.377237390677408
virtual	1967	1970	3	1	0.333333333333333
valley	1975	1977	2	0.813497229144196	0.406748614572098
computational	1997	1999	2	0.515085702583565	0.257542851291783
quasicrystal	1984	1986	2	0.556172114692625	0.278086057346313
locked	1991	1993	2	0.585032901794587	0.292516450897294
charges	1969	1971	2	0.848481369975946	0.424240684987973
billiards	1994	1996	2	0.581324384708782	0.290662192354391
determining	1969	1972	3	1	0.333333333333333
braneworld	2000	2002	2	0.735754382270032	0.367877191135016
techniques	1973	1975	2	0.737093037115422	0.368546518557711
warped	1967	1969	2	0.510256035647759	0.25512801782388
