1965 17194
1966 19502
1967 23454
1968 26425
1969 27379
1970 28095
1971 29039
1972 29585
1973 31271
1974 29716
1975 30145
1976 30059
1977 30728
1978 31849
1979 31247
1980 31901
1981 34996
1982 37356
1983 39605
1984 41758
1985 48137
1986 52802
1987 56192
1988 60741
1989 66083
1990 65260
1991 69714
1992 76143
1993 86390
1994 89462
1995 94134
1996 94393
1997 94438
1998 98784
1999 99911
2000 105313
2001 108883
2002 123452
2003 111837
2004 123878
2005 139739
2006 139304
2007 139703
2008 149512
2009 146670
